Project.name,Experiment.name,Experiment.date,Colony.name,Colony.country,Colony.latitude,Colony.longitude,Colony.species,Colony.ed5,Colony.ed50,Colony.ed95,BioSample.name,BioSample.collection_date,Observation.condition,Observation.temperature,Observation.timepoint,Observation.pam_value,Publication.title,Publication.year,Publication.doi
Global_Search_Caribbean,Curacao,2222-05-22,Curacao_Porites_astreoides_1,CUW,12.10932,-68.95443,Porites astreoides,30.92,34.19,37.81,22220522_CUW_Curacao_Porites astreoides_1_37.07_420,2222-05-22,Caribbean,37.07,420,0.074,No publications available,2026,No doi available
Global_Search_Caribbean,Curacao,2222-05-22,Curacao_Porites_astreoides_2,CUW,12.10932,-68.95443,Porites astreoides,28.79,33.84,39.78,22220522_CUW_Curacao_Porites astreoides_2_37.07_420,2222-05-22,Caribbean,37.07,420,0.125,No publications available,2026,No doi available
Global_Search_Caribbean,Curacao,2222-05-22,Curacao_Porites_astreoides_3,CUW,12.10932,-68.95443,Porites astreoides,33.91,35.0,36.13,22220522_CUW_Curacao_Porites astreoides_3_37.07_420,2222-05-22,Caribbean,37.07,420,0.0,No publications available,2026,No doi available
Global_Search_Caribbean,Curacao,2222-05-22,Curacao_Porites_astreoides_4,CUW,12.10932,-68.95443,Porites astreoides,29.04,34.25,40.4,22220522_CUW_Curacao_Porites astreoides_4_37.07_420,2222-05-22,Caribbean,37.07,420,0.079,No publications available,2026,No doi available
Global_Search_Caribbean,Curacao,2222-05-22,Curacao_Porites_astreoides_5,CUW,12.10932,-68.95443,Porites astreoides,28.82,33.15,38.12,22220522_CUW_Curacao_Porites astreoides_5_37.07_420,2222-05-22,Caribbean,37.07,420,0.05,No publications available,2026,No doi available
Global_Search_Caribbean,Curacao,2222-05-22,Curacao_Porites_astreoides_6,CUW,12.10932,-68.95443,Porites astreoides,27.66,33.33,40.17,22220522_CUW_Curacao_Porites astreoides_6_37.07_420,2222-05-22,Caribbean,37.07,420,0.053,No publications available,2026,No doi available
Global_Search_Caribbean,Curacao,2222-05-22,Curacao_Porites_astreoides_7,CUW,12.10932,-68.95443,Porites astreoides,32.78,35.21,37.81,22220522_CUW_Curacao_Porites astreoides_7_37.07_420,2222-05-22,Caribbean,37.07,420,0.047,No publications available,2026,No doi available
Global_Search_Caribbean,Curacao,2222-05-22,Curacao_Porites_astreoides_8,CUW,12.10932,-68.95443,Porites astreoides,32.8,34.82,36.96,22220522_CUW_Curacao_Porites astreoides_8_37.07_420,2222-05-22,Caribbean,37.07,420,0.0,No publications available,2026,No doi available
Global_Search_Caribbean,Curacao,2222-05-22,Curacao_Porites_astreoides_9,CUW,12.10932,-68.95443,Porites astreoides,30.63,34.07,37.9,22220522_CUW_Curacao_Porites astreoides_9_37.07_420,2222-05-22,Caribbean,37.07,420,0.009,No publications available,2026,No doi available
Global_Search_Caribbean,Curacao,2222-05-22,Curacao_Porites_astreoides_10,CUW,12.10932,-68.95443,Porites astreoides,30.7,35.54,41.15,22220522_CUW_Curacao_Porites astreoides_10_37.07_420,2222-05-22,Caribbean,37.07,420,0.147,No publications available,2026,No doi available
Global_Search_Caribbean,Curacao,2222-05-22,Curacao_Porites_astreoides_11,CUW,12.10932,-68.95443,Porites astreoides,29.89,33.99,38.66,22220522_CUW_Curacao_Porites astreoides_11_37.07_420,2222-05-22,Caribbean,37.07,420,0.021,No publications available,2026,No doi available
Global_Search_Caribbean,Curacao,2222-05-22,Curacao_Porites_astreoides_12,CUW,12.10932,-68.95443,Porites astreoides,30.13,33.81,37.95,22220522_CUW_Curacao_Porites astreoides_12_37.07_420,2222-05-22,Caribbean,37.07,420,0.023,No publications available,2026,No doi available
Global_Search_Caribbean,Curacao,2222-05-22,Curacao_Porites_astreoides_1,CUW,12.10932,-68.95443,Porites astreoides,30.92,34.19,37.81,22220522_CUW_Curacao_Porites astreoides_1_34.04_420,2222-05-22,Caribbean,34.04,420,0.226,No publications available,2026,No doi available
Global_Search_Caribbean,Curacao,2222-05-22,Curacao_Porites_astreoides_2,CUW,12.10932,-68.95443,Porites astreoides,28.79,33.84,39.78,22220522_CUW_Curacao_Porites astreoides_2_34.04_420,2222-05-22,Caribbean,34.04,420,0.23,No publications available,2026,No doi available
Global_Search_Caribbean,Curacao,2222-05-22,Curacao_Porites_astreoides_3,CUW,12.10932,-68.95443,Porites astreoides,33.91,35.0,36.13,22220522_CUW_Curacao_Porites astreoides_3_34.04_420,2222-05-22,Caribbean,34.04,420,0.406,No publications available,2026,No doi available
Global_Search_Caribbean,Curacao,2222-05-22,Curacao_Porites_astreoides_4,CUW,12.10932,-68.95443,Porites astreoides,29.04,34.25,40.4,22220522_CUW_Curacao_Porites astreoides_4_34.04_420,2222-05-22,Caribbean,34.04,420,0.337,No publications available,2026,No doi available
Global_Search_Caribbean,Curacao,2222-05-22,Curacao_Porites_astreoides_5,CUW,12.10932,-68.95443,Porites astreoides,28.82,33.15,38.12,22220522_CUW_Curacao_Porites astreoides_5_34.04_420,2222-05-22,Caribbean,34.04,420,0.187,No publications available,2026,No doi available
Global_Search_Caribbean,Curacao,2222-05-22,Curacao_Porites_astreoides_6,CUW,12.10932,-68.95443,Porites astreoides,27.66,33.33,40.17,22220522_CUW_Curacao_Porites astreoides_6_34.04_420,2222-05-22,Caribbean,34.04,420,0.31,No publications available,2026,No doi available
Global_Search_Caribbean,Curacao,2222-05-22,Curacao_Porites_astreoides_7,CUW,12.10932,-68.95443,Porites astreoides,32.78,35.21,37.81,22220522_CUW_Curacao_Porites astreoides_7_34.04_420,2222-05-22,Caribbean,34.04,420,0.353,No publications available,2026,No doi available
Global_Search_Caribbean,Curacao,2222-05-22,Curacao_Porites_astreoides_8,CUW,12.10932,-68.95443,Porites astreoides,32.8,34.82,36.96,22220522_CUW_Curacao_Porites astreoides_8_34.04_420,2222-05-22,Caribbean,34.04,420,0.368,No publications available,2026,No doi available
Global_Search_Caribbean,Curacao,2222-05-22,Curacao_Porites_astreoides_9,CUW,12.10932,-68.95443,Porites astreoides,30.63,34.07,37.9,22220522_CUW_Curacao_Porites astreoides_9_34.04_420,2222-05-22,Caribbean,34.04,420,0.288,No publications available,2026,No doi available
Global_Search_Caribbean,Curacao,2222-05-22,Curacao_Porites_astreoides_10,CUW,12.10932,-68.95443,Porites astreoides,30.7,35.54,41.15,22220522_CUW_Curacao_Porites astreoides_10_34.04_420,2222-05-22,Caribbean,34.04,420,0.379,No publications available,2026,No doi available
Global_Search_Caribbean,Curacao,2222-05-22,Curacao_Porites_astreoides_11,CUW,12.10932,-68.95443,Porites astreoides,29.89,33.99,38.66,22220522_CUW_Curacao_Porites astreoides_11_34.04_420,2222-05-22,Caribbean,34.04,420,0.335,No publications available,2026,No doi available
Global_Search_Caribbean,Curacao,2222-05-22,Curacao_Porites_astreoides_12,CUW,12.10932,-68.95443,Porites astreoides,30.13,33.81,37.95,22220522_CUW_Curacao_Porites astreoides_12_34.04_420,2222-05-22,Caribbean,34.04,420,0.291,No publications available,2026,No doi available
Global_Search_Caribbean,Curacao,2222-05-22,Curacao_Porites_astreoides_1,CUW,12.10932,-68.95443,Porites astreoides,30.92,34.19,37.81,22220522_CUW_Curacao_Porites astreoides_1_32.04_420,2222-05-22,Caribbean,32.04,420,0.446,No publications available,2026,No doi available
Global_Search_Caribbean,Curacao,2222-05-22,Curacao_Porites_astreoides_2,CUW,12.10932,-68.95443,Porites astreoides,28.79,33.84,39.78,22220522_CUW_Curacao_Porites astreoides_2_32.04_420,2222-05-22,Caribbean,32.04,420,0.46,No publications available,2026,No doi available
Global_Search_Caribbean,Curacao,2222-05-22,Curacao_Porites_astreoides_3,CUW,12.10932,-68.95443,Porites astreoides,33.91,35.0,36.13,22220522_CUW_Curacao_Porites astreoides_3_32.04_420,2222-05-22,Caribbean,32.04,420,0.412,No publications available,2026,No doi available
Global_Search_Caribbean,Curacao,2222-05-22,Curacao_Porites_astreoides_4,CUW,12.10932,-68.95443,Porites astreoides,29.04,34.25,40.4,22220522_CUW_Curacao_Porites astreoides_4_32.04_420,2222-05-22,Caribbean,32.04,420,0.379,No publications available,2026,No doi available
Global_Search_Caribbean,Curacao,2222-05-22,Curacao_Porites_astreoides_5,CUW,12.10932,-68.95443,Porites astreoides,28.82,33.15,38.12,22220522_CUW_Curacao_Porites astreoides_5_32.04_420,2222-05-22,Caribbean,32.04,420,0.355,No publications available,2026,No doi available
Global_Search_Caribbean,Curacao,2222-05-22,Curacao_Porites_astreoides_6,CUW,12.10932,-68.95443,Porites astreoides,27.66,33.33,40.17,22220522_CUW_Curacao_Porites astreoides_6_32.04_420,2222-05-22,Caribbean,32.04,420,0.349,No publications available,2026,No doi available
Global_Search_Caribbean,Curacao,2222-05-22,Curacao_Porites_astreoides_7,CUW,12.10932,-68.95443,Porites astreoides,32.78,35.21,37.81,22220522_CUW_Curacao_Porites astreoides_7_32.04_420,2222-05-22,Caribbean,32.04,420,0.432,No publications available,2026,No doi available
Global_Search_Caribbean,Curacao,2222-05-22,Curacao_Porites_astreoides_8,CUW,12.10932,-68.95443,Porites astreoides,32.8,34.82,36.96,22220522_CUW_Curacao_Porites astreoides_8_32.04_420,2222-05-22,Caribbean,32.04,420,0.39,No publications available,2026,No doi available
Global_Search_Caribbean,Curacao,2222-05-22,Curacao_Porites_astreoides_9,CUW,12.10932,-68.95443,Porites astreoides,30.63,34.07,37.9,22220522_CUW_Curacao_Porites astreoides_9_32.04_420,2222-05-22,Caribbean,32.04,420,0.399,No publications available,2026,No doi available
Global_Search_Caribbean,Curacao,2222-05-22,Curacao_Porites_astreoides_10,CUW,12.10932,-68.95443,Porites astreoides,30.7,35.54,41.15,22220522_CUW_Curacao_Porites astreoides_10_32.04_420,2222-05-22,Caribbean,32.04,420,0.432,No publications available,2026,No doi available
Global_Search_Caribbean,Curacao,2222-05-22,Curacao_Porites_astreoides_11,CUW,12.10932,-68.95443,Porites astreoides,29.89,33.99,38.66,22220522_CUW_Curacao_Porites astreoides_11_32.04_420,2222-05-22,Caribbean,32.04,420,0.408,No publications available,2026,No doi available
Global_Search_Caribbean,Curacao,2222-05-22,Curacao_Porites_astreoides_12,CUW,12.10932,-68.95443,Porites astreoides,30.13,33.81,37.95,22220522_CUW_Curacao_Porites astreoides_12_32.04_420,2222-05-22,Caribbean,32.04,420,0.447,No publications available,2026,No doi available
Global_Search_Caribbean,Curacao,2222-05-22,Curacao_Porites_astreoides_1,CUW,12.10932,-68.95443,Porites astreoides,30.92,34.19,37.81,22220522_CUW_Curacao_Porites astreoides_1_28.04_420,2222-05-22,Caribbean,28.04,420,0.453,No publications available,2026,No doi available
Global_Search_Caribbean,Curacao,2222-05-22,Curacao_Porites_astreoides_2,CUW,12.10932,-68.95443,Porites astreoides,28.79,33.84,39.78,22220522_CUW_Curacao_Porites astreoides_2_28.04_420,2222-05-22,Caribbean,28.04,420,0.551,No publications available,2026,No doi available
Global_Search_Caribbean,Curacao,2222-05-22,Curacao_Porites_astreoides_3,CUW,12.10932,-68.95443,Porites astreoides,33.91,35.0,36.13,22220522_CUW_Curacao_Porites astreoides_3_28.04_420,2222-05-22,Caribbean,28.04,420,0.461,No publications available,2026,No doi available
Global_Search_Caribbean,Curacao,2222-05-22,Curacao_Porites_astreoides_4,CUW,12.10932,-68.95443,Porites astreoides,29.04,34.25,40.4,22220522_CUW_Curacao_Porites astreoides_4_28.04_420,2222-05-22,Caribbean,28.04,420,0.548,No publications available,2026,No doi available
Global_Search_Caribbean,Curacao,2222-05-22,Curacao_Porites_astreoides_5,CUW,12.10932,-68.95443,Porites astreoides,28.82,33.15,38.12,22220522_CUW_Curacao_Porites astreoides_5_28.04_420,2222-05-22,Caribbean,28.04,420,0.509,No publications available,2026,No doi available
Global_Search_Caribbean,Curacao,2222-05-22,Curacao_Porites_astreoides_6,CUW,12.10932,-68.95443,Porites astreoides,27.66,33.33,40.17,22220522_CUW_Curacao_Porites astreoides_6_28.04_420,2222-05-22,Caribbean,28.04,420,0.573,No publications available,2026,No doi available
Global_Search_Caribbean,Curacao,2222-05-22,Curacao_Porites_astreoides_7,CUW,12.10932,-68.95443,Porites astreoides,32.78,35.21,37.81,22220522_CUW_Curacao_Porites astreoides_7_28.04_420,2222-05-22,Caribbean,28.04,420,0.441,No publications available,2026,No doi available
Global_Search_Caribbean,Curacao,2222-05-22,Curacao_Porites_astreoides_8,CUW,12.10932,-68.95443,Porites astreoides,32.8,34.82,36.96,22220522_CUW_Curacao_Porites astreoides_8_28.04_420,2222-05-22,Caribbean,28.04,420,0.541,No publications available,2026,No doi available
Global_Search_Caribbean,Curacao,2222-05-22,Curacao_Porites_astreoides_9,CUW,12.10932,-68.95443,Porites astreoides,30.63,34.07,37.9,22220522_CUW_Curacao_Porites astreoides_9_28.04_420,2222-05-22,Caribbean,28.04,420,0.526,No publications available,2026,No doi available
Global_Search_Caribbean,Curacao,2222-05-22,Curacao_Porites_astreoides_10,CUW,12.10932,-68.95443,Porites astreoides,30.7,35.54,41.15,22220522_CUW_Curacao_Porites astreoides_10_28.04_420,2222-05-22,Caribbean,28.04,420,0.519,No publications available,2026,No doi available
Global_Search_Caribbean,Curacao,2222-05-22,Curacao_Porites_astreoides_11,CUW,12.10932,-68.95443,Porites astreoides,29.89,33.99,38.66,22220522_CUW_Curacao_Porites astreoides_11_28.04_420,2222-05-22,Caribbean,28.04,420,0.588,No publications available,2026,No doi available
Global_Search_Caribbean,Curacao,2222-05-22,Curacao_Porites_astreoides_12,CUW,12.10932,-68.95443,Porites astreoides,30.13,33.81,37.95,22220522_CUW_Curacao_Porites astreoides_12_28.04_420,2222-05-22,Caribbean,28.04,420,0.591,No publications available,2026,No doi available
Global_Search_Caribbean,Curacao,2222-05-23,Curacao_Siderastrea_siderea_1,CUW,12.10932,-68.95443,Siderastrea siderea,115.5,128.27,142.45,22220523_CUW_Curacao_Siderastrea siderea_1_37.07_420,2222-05-23,Caribbean,37.07,420,0.327,No publications available,2026,No doi available
Global_Search_Caribbean,Curacao,2222-05-23,Curacao_Siderastrea_siderea_2,CUW,12.10932,-68.95443,Siderastrea siderea,33.17,36.68,40.57,22220523_CUW_Curacao_Siderastrea siderea_2_37.07_420,2222-05-23,Caribbean,37.07,420,0.23,No publications available,2026,No doi available
Global_Search_Caribbean,Curacao,2222-05-23,Curacao_Siderastrea_siderea_3,CUW,12.10932,-68.95443,Siderastrea siderea,33.38,36.11,39.07,22220523_CUW_Curacao_Siderastrea siderea_3_37.07_420,2222-05-23,Caribbean,37.07,420,0.149,No publications available,2026,No doi available
Global_Search_Caribbean,Curacao,2222-05-23,Curacao_Siderastrea_siderea_4,CUW,12.10932,-68.95443,Siderastrea siderea,34.3,36.65,39.16,22220523_CUW_Curacao_Siderastrea siderea_4_37.07_420,2222-05-23,Caribbean,37.07,420,0.197,No publications available,2026,No doi available
Global_Search_Caribbean,Curacao,2222-05-23,Curacao_Siderastrea_siderea_5,CUW,12.10932,-68.95443,Siderastrea siderea,33.42,36.72,40.33,22220523_CUW_Curacao_Siderastrea siderea_5_37.07_420,2222-05-23,Caribbean,37.07,420,0.223,No publications available,2026,No doi available
Global_Search_Caribbean,Curacao,2222-05-23,Curacao_Siderastrea_siderea_6,CUW,12.10932,-68.95443,Siderastrea siderea,33.79,35.29,36.85,22220523_CUW_Curacao_Siderastrea siderea_6_37.07_420,2222-05-23,Caribbean,37.07,420,0.019,No publications available,2026,No doi available
Global_Search_Caribbean,Curacao,2222-05-23,Curacao_Siderastrea_siderea_7,CUW,12.10932,-68.95443,Siderastrea siderea,33.12,35.41,37.87,22220523_CUW_Curacao_Siderastrea siderea_7_37.07_420,2222-05-23,Caribbean,37.07,420,0.055,No publications available,2026,No doi available
Global_Search_Caribbean,Curacao,2222-05-23,Curacao_Siderastrea_siderea_8,CUW,12.10932,-68.95443,Siderastrea siderea,32.8,36.07,39.67,22220523_CUW_Curacao_Siderastrea siderea_8_37.07_420,2222-05-23,Caribbean,37.07,420,0.158,No publications available,2026,No doi available
Global_Search_Caribbean,Curacao,2222-05-23,Curacao_Siderastrea_siderea_9,CUW,12.10932,-68.95443,Siderastrea siderea,35.46,36.62,37.81,22220523_CUW_Curacao_Siderastrea siderea_9_37.07_420,2222-05-23,Caribbean,37.07,420,0.142,No publications available,2026,No doi available
Global_Search_Caribbean,Curacao,2222-05-23,Curacao_Siderastrea_siderea_10,CUW,12.10932,-68.95443,Siderastrea siderea,35.22,36.58,37.98,22220523_CUW_Curacao_Siderastrea siderea_10_37.07_420,2222-05-23,Caribbean,37.07,420,0.131,No publications available,2026,No doi available
Global_Search_Caribbean,Curacao,2222-05-23,Curacao_Siderastrea_siderea_11,CUW,12.10932,-68.95443,Siderastrea siderea,34.16,35.39,36.65,22220523_CUW_Curacao_Siderastrea siderea_11_37.07_420,2222-05-23,Caribbean,37.07,420,0.011,No publications available,2026,No doi available
Global_Search_Caribbean,Curacao,2222-05-23,Curacao_Siderastrea_siderea_12,CUW,12.10932,-68.95443,Siderastrea siderea,34.17,35.66,37.22,22220523_CUW_Curacao_Siderastrea siderea_12_37.07_420,2222-05-23,Caribbean,37.07,420,0.036,No publications available,2026,No doi available
Global_Search_Caribbean,Curacao,2222-05-23,Curacao_Siderastrea_siderea_13,CUW,12.10932,-68.95443,Siderastrea siderea,33.84,36.48,39.32,22220523_CUW_Curacao_Siderastrea siderea_13_37.07_420,2222-05-23,Caribbean,37.07,420,0.197,No publications available,2026,No doi available
Global_Search_Caribbean,Curacao,2222-05-23,Curacao_Siderastrea_siderea_14,CUW,12.10932,-68.95443,Siderastrea siderea,34.38,35.83,37.35,22220523_CUW_Curacao_Siderastrea siderea_14_37.07_420,2222-05-23,Caribbean,37.07,420,0.047,No publications available,2026,No doi available
Global_Search_Caribbean,Curacao,2222-05-23,Curacao_Siderastrea_siderea_1,CUW,12.10932,-68.95443,Siderastrea siderea,115.5,128.27,142.45,22220523_CUW_Curacao_Siderastrea siderea_1_34.04_420,2222-05-23,Caribbean,34.04,420,0.508,No publications available,2026,No doi available
Global_Search_Caribbean,Curacao,2222-05-23,Curacao_Siderastrea_siderea_2,CUW,12.10932,-68.95443,Siderastrea siderea,33.17,36.68,40.57,22220523_CUW_Curacao_Siderastrea siderea_2_34.04_420,2222-05-23,Caribbean,34.04,420,0.479,No publications available,2026,No doi available
Global_Search_Caribbean,Curacao,2222-05-23,Curacao_Siderastrea_siderea_3,CUW,12.10932,-68.95443,Siderastrea siderea,33.38,36.11,39.07,22220523_CUW_Curacao_Siderastrea siderea_3_34.04_420,2222-05-23,Caribbean,34.04,420,0.493,No publications available,2026,No doi available
Global_Search_Caribbean,Curacao,2222-05-23,Curacao_Siderastrea_siderea_4,CUW,12.10932,-68.95443,Siderastrea siderea,34.3,36.65,39.16,22220523_CUW_Curacao_Siderastrea siderea_4_34.04_420,2222-05-23,Caribbean,34.04,420,0.501,No publications available,2026,No doi available
Global_Search_Caribbean,Curacao,2222-05-23,Curacao_Siderastrea_siderea_5,CUW,12.10932,-68.95443,Siderastrea siderea,33.42,36.72,40.33,22220523_CUW_Curacao_Siderastrea siderea_5_34.04_420,2222-05-23,Caribbean,34.04,420,0.473,No publications available,2026,No doi available
Global_Search_Caribbean,Curacao,2222-05-23,Curacao_Siderastrea_siderea_6,CUW,12.10932,-68.95443,Siderastrea siderea,33.79,35.29,36.85,22220523_CUW_Curacao_Siderastrea siderea_6_34.04_420,2222-05-23,Caribbean,34.04,420,0.521,No publications available,2026,No doi available
Global_Search_Caribbean,Curacao,2222-05-23,Curacao_Siderastrea_siderea_7,CUW,12.10932,-68.95443,Siderastrea siderea,33.12,35.41,37.87,22220523_CUW_Curacao_Siderastrea siderea_7_34.04_420,2222-05-23,Caribbean,34.04,420,0.405,No publications available,2026,No doi available
Global_Search_Caribbean,Curacao,2222-05-23,Curacao_Siderastrea_siderea_8,CUW,12.10932,-68.95443,Siderastrea siderea,32.8,36.07,39.67,22220523_CUW_Curacao_Siderastrea siderea_8_34.04_420,2222-05-23,Caribbean,34.04,420,0.451,No publications available,2026,No doi available
Global_Search_Caribbean,Curacao,2222-05-23,Curacao_Siderastrea_siderea_9,CUW,12.10932,-68.95443,Siderastrea siderea,35.46,36.62,37.81,22220523_CUW_Curacao_Siderastrea siderea_9_34.04_420,2222-05-23,Caribbean,34.04,420,0.547,No publications available,2026,No doi available
Global_Search_Caribbean,Curacao,2222-05-23,Curacao_Siderastrea_siderea_10,CUW,12.10932,-68.95443,Siderastrea siderea,35.22,36.58,37.98,22220523_CUW_Curacao_Siderastrea siderea_10_34.04_420,2222-05-23,Caribbean,34.04,420,0.503,No publications available,2026,No doi available
Global_Search_Caribbean,Curacao,2222-05-23,Curacao_Siderastrea_siderea_11,CUW,12.10932,-68.95443,Siderastrea siderea,34.16,35.39,36.65,22220523_CUW_Curacao_Siderastrea siderea_11_34.04_420,2222-05-23,Caribbean,34.04,420,0.53,No publications available,2026,No doi available
Global_Search_Caribbean,Curacao,2222-05-23,Curacao_Siderastrea_siderea_12,CUW,12.10932,-68.95443,Siderastrea siderea,34.17,35.66,37.22,22220523_CUW_Curacao_Siderastrea siderea_12_34.04_420,2222-05-23,Caribbean,34.04,420,0.533,No publications available,2026,No doi available
Global_Search_Caribbean,Curacao,2222-05-23,Curacao_Siderastrea_siderea_13,CUW,12.10932,-68.95443,Siderastrea siderea,33.84,36.48,39.32,22220523_CUW_Curacao_Siderastrea siderea_13_34.04_420,2222-05-23,Caribbean,34.04,420,0.534,No publications available,2026,No doi available
Global_Search_Caribbean,Curacao,2222-05-23,Curacao_Siderastrea_siderea_14,CUW,12.10932,-68.95443,Siderastrea siderea,34.38,35.83,37.35,22220523_CUW_Curacao_Siderastrea siderea_14_34.04_420,2222-05-23,Caribbean,34.04,420,0.558,No publications available,2026,No doi available
Global_Search_Caribbean,Curacao,2222-05-23,Curacao_Siderastrea_siderea_1,CUW,12.10932,-68.95443,Siderastrea siderea,115.5,128.27,142.45,22220523_CUW_Curacao_Siderastrea siderea_1_32.04_420,2222-05-23,Caribbean,32.04,420,0.561,No publications available,2026,No doi available
Global_Search_Caribbean,Curacao,2222-05-23,Curacao_Siderastrea_siderea_2,CUW,12.10932,-68.95443,Siderastrea siderea,33.17,36.68,40.57,22220523_CUW_Curacao_Siderastrea siderea_2_32.04_420,2222-05-23,Caribbean,32.04,420,0.55,No publications available,2026,No doi available
Global_Search_Caribbean,Curacao,2222-05-23,Curacao_Siderastrea_siderea_3,CUW,12.10932,-68.95443,Siderastrea siderea,33.38,36.11,39.07,22220523_CUW_Curacao_Siderastrea siderea_3_32.04_420,2222-05-23,Caribbean,32.04,420,0.539,No publications available,2026,No doi available
Global_Search_Caribbean,Curacao,2222-05-23,Curacao_Siderastrea_siderea_4,CUW,12.10932,-68.95443,Siderastrea siderea,34.3,36.65,39.16,22220523_CUW_Curacao_Siderastrea siderea_4_32.04_420,2222-05-23,Caribbean,32.04,420,0.545,No publications available,2026,No doi available
Global_Search_Caribbean,Curacao,2222-05-23,Curacao_Siderastrea_siderea_5,CUW,12.10932,-68.95443,Siderastrea siderea,33.42,36.72,40.33,22220523_CUW_Curacao_Siderastrea siderea_5_32.04_420,2222-05-23,Caribbean,32.04,420,0.532,No publications available,2026,No doi available
Global_Search_Caribbean,Curacao,2222-05-23,Curacao_Siderastrea_siderea_6,CUW,12.10932,-68.95443,Siderastrea siderea,33.79,35.29,36.85,22220523_CUW_Curacao_Siderastrea siderea_6_32.04_420,2222-05-23,Caribbean,32.04,420,0.558,No publications available,2026,No doi available
Global_Search_Caribbean,Curacao,2222-05-23,Curacao_Siderastrea_siderea_7,CUW,12.10932,-68.95443,Siderastrea siderea,33.12,35.41,37.87,22220523_CUW_Curacao_Siderastrea siderea_7_32.04_420,2222-05-23,Caribbean,32.04,420,0.455,No publications available,2026,No doi available
Global_Search_Caribbean,Curacao,2222-05-23,Curacao_Siderastrea_siderea_8,CUW,12.10932,-68.95443,Siderastrea siderea,32.8,36.07,39.67,22220523_CUW_Curacao_Siderastrea siderea_8_32.04_420,2222-05-23,Caribbean,32.04,420,0.511,No publications available,2026,No doi available
Global_Search_Caribbean,Curacao,2222-05-23,Curacao_Siderastrea_siderea_9,CUW,12.10932,-68.95443,Siderastrea siderea,35.46,36.62,37.81,22220523_CUW_Curacao_Siderastrea siderea_9_32.04_420,2222-05-23,Caribbean,32.04,420,0.592,No publications available,2026,No doi available
Global_Search_Caribbean,Curacao,2222-05-23,Curacao_Siderastrea_siderea_10,CUW,12.10932,-68.95443,Siderastrea siderea,35.22,36.58,37.98,22220523_CUW_Curacao_Siderastrea siderea_10_32.04_420,2222-05-23,Caribbean,32.04,420,0.492,No publications available,2026,No doi available
Global_Search_Caribbean,Curacao,2222-05-23,Curacao_Siderastrea_siderea_11,CUW,12.10932,-68.95443,Siderastrea siderea,34.16,35.39,36.65,22220523_CUW_Curacao_Siderastrea siderea_11_32.04_420,2222-05-23,Caribbean,32.04,420,0.547,No publications available,2026,No doi available
Global_Search_Caribbean,Curacao,2222-05-23,Curacao_Siderastrea_siderea_12,CUW,12.10932,-68.95443,Siderastrea siderea,34.17,35.66,37.22,22220523_CUW_Curacao_Siderastrea siderea_12_32.04_420,2222-05-23,Caribbean,32.04,420,0.56,No publications available,2026,No doi available
Global_Search_Caribbean,Curacao,2222-05-23,Curacao_Siderastrea_siderea_13,CUW,12.10932,-68.95443,Siderastrea siderea,33.84,36.48,39.32,22220523_CUW_Curacao_Siderastrea siderea_13_32.04_420,2222-05-23,Caribbean,32.04,420,0.559,No publications available,2026,No doi available
Global_Search_Caribbean,Curacao,2222-05-23,Curacao_Siderastrea_siderea_14,CUW,12.10932,-68.95443,Siderastrea siderea,34.38,35.83,37.35,22220523_CUW_Curacao_Siderastrea siderea_14_32.04_420,2222-05-23,Caribbean,32.04,420,0.582,No publications available,2026,No doi available
Global_Search_Caribbean,Curacao,2222-05-23,Curacao_Siderastrea_siderea_1,CUW,12.10932,-68.95443,Siderastrea siderea,115.5,128.27,142.45,22220523_CUW_Curacao_Siderastrea siderea_1_28.04_420,2222-05-23,Caribbean,28.04,420,0.526,No publications available,2026,No doi available
Global_Search_Caribbean,Curacao,2222-05-23,Curacao_Siderastrea_siderea_2,CUW,12.10932,-68.95443,Siderastrea siderea,33.17,36.68,40.57,22220523_CUW_Curacao_Siderastrea siderea_2_28.04_420,2222-05-23,Caribbean,28.04,420,0.526,No publications available,2026,No doi available
Global_Search_Caribbean,Curacao,2222-05-23,Curacao_Siderastrea_siderea_3,CUW,12.10932,-68.95443,Siderastrea siderea,33.38,36.11,39.07,22220523_CUW_Curacao_Siderastrea siderea_3_28.04_420,2222-05-23,Caribbean,28.04,420,0.548,No publications available,2026,No doi available
Global_Search_Caribbean,Curacao,2222-05-23,Curacao_Siderastrea_siderea_4,CUW,12.10932,-68.95443,Siderastrea siderea,34.3,36.65,39.16,22220523_CUW_Curacao_Siderastrea siderea_4_28.04_420,2222-05-23,Caribbean,28.04,420,0.502,No publications available,2026,No doi available
Global_Search_Caribbean,Curacao,2222-05-23,Curacao_Siderastrea_siderea_5,CUW,12.10932,-68.95443,Siderastrea siderea,33.42,36.72,40.33,22220523_CUW_Curacao_Siderastrea siderea_5_28.04_420,2222-05-23,Caribbean,28.04,420,0.51,No publications available,2026,No doi available
Global_Search_Caribbean,Curacao,2222-05-23,Curacao_Siderastrea_siderea_6,CUW,12.10932,-68.95443,Siderastrea siderea,33.79,35.29,36.85,22220523_CUW_Curacao_Siderastrea siderea_6_28.04_420,2222-05-23,Caribbean,28.04,420,0.573,No publications available,2026,No doi available
Global_Search_Caribbean,Curacao,2222-05-23,Curacao_Siderastrea_siderea_7,CUW,12.10932,-68.95443,Siderastrea siderea,33.12,35.41,37.87,22220523_CUW_Curacao_Siderastrea siderea_7_28.04_420,2222-05-23,Caribbean,28.04,420,0.485,No publications available,2026,No doi available
Global_Search_Caribbean,Curacao,2222-05-23,Curacao_Siderastrea_siderea_8,CUW,12.10932,-68.95443,Siderastrea siderea,32.8,36.07,39.67,22220523_CUW_Curacao_Siderastrea siderea_8_28.04_420,2222-05-23,Caribbean,28.04,420,0.526,No publications available,2026,No doi available
Global_Search_Caribbean,Curacao,2222-05-23,Curacao_Siderastrea_siderea_9,CUW,12.10932,-68.95443,Siderastrea siderea,35.46,36.62,37.81,22220523_CUW_Curacao_Siderastrea siderea_9_28.04_420,2222-05-23,Caribbean,28.04,420,0.605,No publications available,2026,No doi available
Global_Search_Caribbean,Curacao,2222-05-23,Curacao_Siderastrea_siderea_10,CUW,12.10932,-68.95443,Siderastrea siderea,35.22,36.58,37.98,22220523_CUW_Curacao_Siderastrea siderea_10_28.04_420,2222-05-23,Caribbean,28.04,420,0.514,No publications available,2026,No doi available
Global_Search_Caribbean,Curacao,2222-05-23,Curacao_Siderastrea_siderea_11,CUW,12.10932,-68.95443,Siderastrea siderea,34.16,35.39,36.65,22220523_CUW_Curacao_Siderastrea siderea_11_28.04_420,2222-05-23,Caribbean,28.04,420,0.554,No publications available,2026,No doi available
Global_Search_Caribbean,Curacao,2222-05-23,Curacao_Siderastrea_siderea_12,CUW,12.10932,-68.95443,Siderastrea siderea,34.17,35.66,37.22,22220523_CUW_Curacao_Siderastrea siderea_12_28.04_420,2222-05-23,Caribbean,28.04,420,0.549,No publications available,2026,No doi available
Global_Search_Caribbean,Curacao,2222-05-23,Curacao_Siderastrea_siderea_13,CUW,12.10932,-68.95443,Siderastrea siderea,33.84,36.48,39.32,22220523_CUW_Curacao_Siderastrea siderea_13_28.04_420,2222-05-23,Caribbean,28.04,420,0.573,No publications available,2026,No doi available
Global_Search_Caribbean,Curacao,2222-05-23,Curacao_Siderastrea_siderea_14,CUW,12.10932,-68.95443,Siderastrea siderea,34.38,35.83,37.35,22220523_CUW_Curacao_Siderastrea siderea_14_28.04_420,2222-05-23,Caribbean,28.04,420,0.563,No publications available,2026,No doi available
Global_Search_Caribbean,Curacao,2222-05-24,Curacao_Acropora_palmata_1,CUW,12.083572,-68.897027,Acropora palmata,34.56,35.3,36.06,22220524_CUW_Curacao_Acropora palmata_1_37.07_420,2222-05-24,Caribbean,37.07,420,0.0,No publications available,2026,No doi available
Global_Search_Caribbean,Curacao,2222-05-24,Curacao_Acropora_palmata_2,CUW,12.083572,-68.897027,Acropora palmata,34.2,35.1,36.01,22220524_CUW_Curacao_Acropora palmata_2_37.07_420,2222-05-24,Caribbean,37.07,420,0.0,No publications available,2026,No doi available
Global_Search_Caribbean,Curacao,2222-05-24,Curacao_Acropora_palmata_3,CUW,12.083572,-68.897027,Acropora palmata,34.06,35.0,35.97,22220524_CUW_Curacao_Acropora palmata_3_37.07_420,2222-05-24,Caribbean,37.07,420,0.0,No publications available,2026,No doi available
Global_Search_Caribbean,Curacao,2222-05-24,Curacao_Acropora_palmata_4,CUW,12.083572,-68.897027,Acropora palmata,34.36,35.14,35.94,22220524_CUW_Curacao_Acropora palmata_4_37.07_420,2222-05-24,Caribbean,37.07,420,0.0,No publications available,2026,No doi available
Global_Search_Caribbean,Curacao,2222-05-24,Curacao_Acropora_palmata_5,CUW,12.083572,-68.897027,Acropora palmata,34.27,35.93,37.68,22220524_CUW_Curacao_Acropora palmata_5_37.07_420,2222-05-24,Caribbean,37.07,420,0.074,No publications available,2026,No doi available
Global_Search_Caribbean,Curacao,2222-05-24,Curacao_Acropora_palmata_6,CUW,12.083572,-68.897027,Acropora palmata,32.94,35.16,37.53,22220524_CUW_Curacao_Acropora palmata_6_37.07_420,2222-05-24,Caribbean,37.07,420,0.05,No publications available,2026,No doi available
Global_Search_Caribbean,Curacao,2222-05-24,Curacao_Acropora_palmata_7,CUW,12.083572,-68.897027,Acropora palmata,34.32,35.15,36.0,22220524_CUW_Curacao_Acropora palmata_7_37.07_420,2222-05-24,Caribbean,37.07,420,0.0,No publications available,2026,No doi available
Global_Search_Caribbean,Curacao,2222-05-24,Curacao_Acropora_palmata_8,CUW,12.083572,-68.897027,Acropora palmata,34.1,35.03,35.98,22220524_CUW_Curacao_Acropora palmata_8_37.07_420,2222-05-24,Caribbean,37.07,420,0.0,No publications available,2026,No doi available
Global_Search_Caribbean,Curacao,2222-05-24,Curacao_Acropora_palmata_9,CUW,12.083572,-68.897027,Acropora palmata,33.79,34.9,36.05,22220524_CUW_Curacao_Acropora palmata_9_37.07_420,2222-05-24,Caribbean,37.07,420,0.0,No publications available,2026,No doi available
Global_Search_Caribbean,Curacao,2222-05-24,Curacao_Acropora_palmata_10,CUW,12.083572,-68.897027,Acropora palmata,34.48,35.26,36.07,22220524_CUW_Curacao_Acropora palmata_10_37.07_420,2222-05-24,Caribbean,37.07,420,0.0,No publications available,2026,No doi available
Global_Search_Caribbean,Curacao,2222-05-24,Curacao_Acropora_palmata_11,CUW,12.083572,-68.897027,Acropora palmata,34.03,34.97,35.94,22220524_CUW_Curacao_Acropora palmata_11_37.07_420,2222-05-24,Caribbean,37.07,420,0.0,No publications available,2026,No doi available
Global_Search_Caribbean,Curacao,2222-05-24,Curacao_Acropora_palmata_12,CUW,12.083572,-68.897027,Acropora palmata,34.51,35.24,35.99,22220524_CUW_Curacao_Acropora palmata_12_37.07_420,2222-05-24,Caribbean,37.07,420,0.0,No publications available,2026,No doi available
Global_Search_Caribbean,Curacao,2222-05-24,Curacao_Acropora_palmata_1,CUW,12.083572,-68.897027,Acropora palmata,34.56,35.3,36.06,22220524_CUW_Curacao_Acropora palmata_1_34.04_420,2222-05-24,Caribbean,34.04,420,0.573,No publications available,2026,No doi available
Global_Search_Caribbean,Curacao,2222-05-24,Curacao_Acropora_palmata_2,CUW,12.083572,-68.897027,Acropora palmata,34.2,35.1,36.01,22220524_CUW_Curacao_Acropora palmata_2_34.04_420,2222-05-24,Caribbean,34.04,420,0.574,No publications available,2026,No doi available
Global_Search_Caribbean,Curacao,2222-05-24,Curacao_Acropora_palmata_3,CUW,12.083572,-68.897027,Acropora palmata,34.06,35.0,35.97,22220524_CUW_Curacao_Acropora palmata_3_34.04_420,2222-05-24,Caribbean,34.04,420,0.558,No publications available,2026,No doi available
Global_Search_Caribbean,Curacao,2222-05-24,Curacao_Acropora_palmata_4,CUW,12.083572,-68.897027,Acropora palmata,34.36,35.14,35.94,22220524_CUW_Curacao_Acropora palmata_4_34.04_420,2222-05-24,Caribbean,34.04,420,0.562,No publications available,2026,No doi available
Global_Search_Caribbean,Curacao,2222-05-24,Curacao_Acropora_palmata_5,CUW,12.083572,-68.897027,Acropora palmata,34.27,35.93,37.68,22220524_CUW_Curacao_Acropora palmata_5_34.04_420,2222-05-24,Caribbean,34.04,420,0.566,No publications available,2026,No doi available
Global_Search_Caribbean,Curacao,2222-05-24,Curacao_Acropora_palmata_6,CUW,12.083572,-68.897027,Acropora palmata,32.94,35.16,37.53,22220524_CUW_Curacao_Acropora palmata_6_34.04_420,2222-05-24,Caribbean,34.04,420,0.455,No publications available,2026,No doi available
Global_Search_Caribbean,Curacao,2222-05-24,Curacao_Acropora_palmata_7,CUW,12.083572,-68.897027,Acropora palmata,34.32,35.15,36.0,22220524_CUW_Curacao_Acropora palmata_7_34.04_420,2222-05-24,Caribbean,34.04,420,0.558,No publications available,2026,No doi available
Global_Search_Caribbean,Curacao,2222-05-24,Curacao_Acropora_palmata_8,CUW,12.083572,-68.897027,Acropora palmata,34.1,35.03,35.98,22220524_CUW_Curacao_Acropora palmata_8_34.04_420,2222-05-24,Caribbean,34.04,420,0.582,No publications available,2026,No doi available
Global_Search_Caribbean,Curacao,2222-05-24,Curacao_Acropora_palmata_9,CUW,12.083572,-68.897027,Acropora palmata,33.79,34.9,36.05,22220524_CUW_Curacao_Acropora palmata_9_34.04_420,2222-05-24,Caribbean,34.04,420,0.551,No publications available,2026,No doi available
Global_Search_Caribbean,Curacao,2222-05-24,Curacao_Acropora_palmata_10,CUW,12.083572,-68.897027,Acropora palmata,34.48,35.26,36.07,22220524_CUW_Curacao_Acropora palmata_10_34.04_420,2222-05-24,Caribbean,34.04,420,0.573,No publications available,2026,No doi available
Global_Search_Caribbean,Curacao,2222-05-24,Curacao_Acropora_palmata_11,CUW,12.083572,-68.897027,Acropora palmata,34.03,34.97,35.94,22220524_CUW_Curacao_Acropora palmata_11_34.04_420,2222-05-24,Caribbean,34.04,420,0.599,No publications available,2026,No doi available
Global_Search_Caribbean,Curacao,2222-05-24,Curacao_Acropora_palmata_12,CUW,12.083572,-68.897027,Acropora palmata,34.51,35.24,35.99,22220524_CUW_Curacao_Acropora palmata_12_34.04_420,2222-05-24,Caribbean,34.04,420,0.598,No publications available,2026,No doi available
Global_Search_Caribbean,Curacao,2222-05-24,Curacao_Acropora_palmata_1,CUW,12.083572,-68.897027,Acropora palmata,34.56,35.3,36.06,22220524_CUW_Curacao_Acropora palmata_1_32.04_420,2222-05-24,Caribbean,32.04,420,0.594,No publications available,2026,No doi available
Global_Search_Caribbean,Curacao,2222-05-24,Curacao_Acropora_palmata_2,CUW,12.083572,-68.897027,Acropora palmata,34.2,35.1,36.01,22220524_CUW_Curacao_Acropora palmata_2_32.04_420,2222-05-24,Caribbean,32.04,420,0.615,No publications available,2026,No doi available
Global_Search_Caribbean,Curacao,2222-05-24,Curacao_Acropora_palmata_3,CUW,12.083572,-68.897027,Acropora palmata,34.06,35.0,35.97,22220524_CUW_Curacao_Acropora palmata_3_32.04_420,2222-05-24,Caribbean,32.04,420,0.58,No publications available,2026,No doi available
Global_Search_Caribbean,Curacao,2222-05-24,Curacao_Acropora_palmata_4,CUW,12.083572,-68.897027,Acropora palmata,34.36,35.14,35.94,22220524_CUW_Curacao_Acropora palmata_4_32.04_420,2222-05-24,Caribbean,32.04,420,0.576,No publications available,2026,No doi available
Global_Search_Caribbean,Curacao,2222-05-24,Curacao_Acropora_palmata_5,CUW,12.083572,-68.897027,Acropora palmata,34.27,35.93,37.68,22220524_CUW_Curacao_Acropora palmata_5_32.04_420,2222-05-24,Caribbean,32.04,420,0.581,No publications available,2026,No doi available
Global_Search_Caribbean,Curacao,2222-05-24,Curacao_Acropora_palmata_6,CUW,12.083572,-68.897027,Acropora palmata,32.94,35.16,37.53,22220524_CUW_Curacao_Acropora palmata_6_32.04_420,2222-05-24,Caribbean,32.04,420,0.576,No publications available,2026,No doi available
Global_Search_Caribbean,Curacao,2222-05-24,Curacao_Acropora_palmata_7,CUW,12.083572,-68.897027,Acropora palmata,34.32,35.15,36.0,22220524_CUW_Curacao_Acropora palmata_7_32.04_420,2222-05-24,Caribbean,32.04,420,0.575,No publications available,2026,No doi available
Global_Search_Caribbean,Curacao,2222-05-24,Curacao_Acropora_palmata_8,CUW,12.083572,-68.897027,Acropora palmata,34.1,35.03,35.98,22220524_CUW_Curacao_Acropora palmata_8_32.04_420,2222-05-24,Caribbean,32.04,420,0.604,No publications available,2026,No doi available
Global_Search_Caribbean,Curacao,2222-05-24,Curacao_Acropora_palmata_9,CUW,12.083572,-68.897027,Acropora palmata,33.79,34.9,36.05,22220524_CUW_Curacao_Acropora palmata_9_32.04_420,2222-05-24,Caribbean,32.04,420,0.597,No publications available,2026,No doi available
Global_Search_Caribbean,Curacao,2222-05-24,Curacao_Acropora_palmata_10,CUW,12.083572,-68.897027,Acropora palmata,34.48,35.26,36.07,22220524_CUW_Curacao_Acropora palmata_10_32.04_420,2222-05-24,Caribbean,32.04,420,0.604,No publications available,2026,No doi available
Global_Search_Caribbean,Curacao,2222-05-24,Curacao_Acropora_palmata_11,CUW,12.083572,-68.897027,Acropora palmata,34.03,34.97,35.94,22220524_CUW_Curacao_Acropora palmata_11_32.04_420,2222-05-24,Caribbean,32.04,420,0.645,No publications available,2026,No doi available
Global_Search_Caribbean,Curacao,2222-05-24,Curacao_Acropora_palmata_12,CUW,12.083572,-68.897027,Acropora palmata,34.51,35.24,35.99,22220524_CUW_Curacao_Acropora palmata_12_32.04_420,2222-05-24,Caribbean,32.04,420,0.593,No publications available,2026,No doi available
Global_Search_Caribbean,Curacao,2222-05-24,Curacao_Acropora_palmata_1,CUW,12.083572,-68.897027,Acropora palmata,34.56,35.3,36.06,22220524_CUW_Curacao_Acropora palmata_1_28.04_420,2222-05-24,Caribbean,28.04,420,0.559,No publications available,2026,No doi available
Global_Search_Caribbean,Curacao,2222-05-24,Curacao_Acropora_palmata_2,CUW,12.083572,-68.897027,Acropora palmata,34.2,35.1,36.01,22220524_CUW_Curacao_Acropora palmata_2_28.04_420,2222-05-24,Caribbean,28.04,420,0.568,No publications available,2026,No doi available
Global_Search_Caribbean,Curacao,2222-05-24,Curacao_Acropora_palmata_3,CUW,12.083572,-68.897027,Acropora palmata,34.06,35.0,35.97,22220524_CUW_Curacao_Acropora palmata_3_28.04_420,2222-05-24,Caribbean,28.04,420,0.591,No publications available,2026,No doi available
Global_Search_Caribbean,Curacao,2222-05-24,Curacao_Acropora_palmata_4,CUW,12.083572,-68.897027,Acropora palmata,34.36,35.14,35.94,22220524_CUW_Curacao_Acropora palmata_4_28.04_420,2222-05-24,Caribbean,28.04,420,0.565,No publications available,2026,No doi available
Global_Search_Caribbean,Curacao,2222-05-24,Curacao_Acropora_palmata_5,CUW,12.083572,-68.897027,Acropora palmata,34.27,35.93,37.68,22220524_CUW_Curacao_Acropora palmata_5_28.04_420,2222-05-24,Caribbean,28.04,420,0.589,No publications available,2026,No doi available
Global_Search_Caribbean,Curacao,2222-05-24,Curacao_Acropora_palmata_6,CUW,12.083572,-68.897027,Acropora palmata,32.94,35.16,37.53,22220524_CUW_Curacao_Acropora palmata_6_28.04_420,2222-05-24,Caribbean,28.04,420,0.548,No publications available,2026,No doi available
Global_Search_Caribbean,Curacao,2222-05-24,Curacao_Acropora_palmata_7,CUW,12.083572,-68.897027,Acropora palmata,34.32,35.15,36.0,22220524_CUW_Curacao_Acropora palmata_7_28.04_420,2222-05-24,Caribbean,28.04,420,0.562,No publications available,2026,No doi available
Global_Search_Caribbean,Curacao,2222-05-24,Curacao_Acropora_palmata_8,CUW,12.083572,-68.897027,Acropora palmata,34.1,35.03,35.98,22220524_CUW_Curacao_Acropora palmata_8_28.04_420,2222-05-24,Caribbean,28.04,420,0.611,No publications available,2026,No doi available
Global_Search_Caribbean,Curacao,2222-05-24,Curacao_Acropora_palmata_9,CUW,12.083572,-68.897027,Acropora palmata,33.79,34.9,36.05,22220524_CUW_Curacao_Acropora palmata_9_28.04_420,2222-05-24,Caribbean,28.04,420,0.617,No publications available,2026,No doi available
Global_Search_Caribbean,Curacao,2222-05-24,Curacao_Acropora_palmata_10,CUW,12.083572,-68.897027,Acropora palmata,34.48,35.26,36.07,22220524_CUW_Curacao_Acropora palmata_10_28.04_420,2222-05-24,Caribbean,28.04,420,0.553,No publications available,2026,No doi available
Global_Search_Caribbean,Curacao,2222-05-24,Curacao_Acropora_palmata_11,CUW,12.083572,-68.897027,Acropora palmata,34.03,34.97,35.94,22220524_CUW_Curacao_Acropora palmata_11_28.04_420,2222-05-24,Caribbean,28.04,420,0.618,No publications available,2026,No doi available
Global_Search_Caribbean,Curacao,2222-05-24,Curacao_Acropora_palmata_12,CUW,12.083572,-68.897027,Acropora palmata,34.51,35.24,35.99,22220524_CUW_Curacao_Acropora palmata_12_28.04_420,2222-05-24,Caribbean,28.04,420,0.612,No publications available,2026,No doi available
Global_Search_Caribbean,Curacao,2222-05-25,Curacao_Orbicella_faveolata_1,CUW,12.10932,-68.95443,Orbicella faveolata,31.1,34.27,37.76,22220525_CUW_Curacao_Orbicella faveolata_1_37.07_420,2222-05-25,Caribbean,37.07,420,0.044,No publications available,2026,No doi available
Global_Search_Caribbean,Curacao,2222-05-25,Curacao_Orbicella_faveolata_2,CUW,12.10932,-68.95443,Orbicella faveolata,32.28,34.8,37.52,22220525_CUW_Curacao_Orbicella faveolata_2_37.07_420,2222-05-25,Caribbean,37.07,420,0.035,No publications available,2026,No doi available
Global_Search_Caribbean,Curacao,2222-05-25,Curacao_Orbicella_faveolata_3,CUW,12.10932,-68.95443,Orbicella faveolata,32.83,35.02,37.35,22220525_CUW_Curacao_Orbicella faveolata_3_37.07_420,2222-05-25,Caribbean,37.07,420,0.03,No publications available,2026,No doi available
Global_Search_Caribbean,Curacao,2222-05-25,Curacao_Orbicella_faveolata_4,CUW,12.10932,-68.95443,Orbicella faveolata,33.37,34.16,34.96,22220525_CUW_Curacao_Orbicella faveolata_4_37.07_420,2222-05-25,Caribbean,37.07,420,0.0,No publications available,2026,No doi available
Global_Search_Caribbean,Curacao,2222-05-25,Curacao_Orbicella_faveolata_5,CUW,12.10932,-68.95443,Orbicella faveolata,31.63,34.39,37.39,22220525_CUW_Curacao_Orbicella faveolata_5_37.07_420,2222-05-25,Caribbean,37.07,420,0.009,No publications available,2026,No doi available
Global_Search_Caribbean,Curacao,2222-05-25,Curacao_Orbicella_faveolata_6,CUW,12.10932,-68.95443,Orbicella faveolata,32.39,34.79,37.37,22220525_CUW_Curacao_Orbicella faveolata_6_37.07_420,2222-05-25,Caribbean,37.07,420,0.041,No publications available,2026,No doi available
Global_Search_Caribbean,Curacao,2222-05-25,Curacao_Orbicella_faveolata_7,CUW,12.10932,-68.95443,Orbicella faveolata,32.45,34.36,36.37,22220525_CUW_Curacao_Orbicella faveolata_7_37.07_420,2222-05-25,Caribbean,37.07,420,0.01,No publications available,2026,No doi available
Global_Search_Caribbean,Curacao,2222-05-25,Curacao_Orbicella_faveolata_8,CUW,12.10932,-68.95443,Orbicella faveolata,33.33,34.23,35.16,22220525_CUW_Curacao_Orbicella faveolata_8_37.07_420,2222-05-25,Caribbean,37.07,420,0.006,No publications available,2026,No doi available
Global_Search_Caribbean,Curacao,2222-05-25,Curacao_Orbicella_faveolata_9,CUW,12.10932,-68.95443,Orbicella faveolata,29.08,33.84,39.39,22220525_CUW_Curacao_Orbicella faveolata_9_37.07_420,2222-05-25,Caribbean,37.07,420,0.054,No publications available,2026,No doi available
Global_Search_Caribbean,Curacao,2222-05-25,Curacao_Orbicella_faveolata_10,CUW,12.10932,-68.95443,Orbicella faveolata,31.94,34.78,37.86,22220525_CUW_Curacao_Orbicella faveolata_10_37.07_420,2222-05-25,Caribbean,37.07,420,0.046,No publications available,2026,No doi available
Global_Search_Caribbean,Curacao,2222-05-25,Curacao_Orbicella_faveolata_11,CUW,12.10932,-68.95443,Orbicella faveolata,33.31,35.02,36.82,22220525_CUW_Curacao_Orbicella faveolata_11_37.07_420,2222-05-25,Caribbean,37.07,420,0.015,No publications available,2026,No doi available
Global_Search_Caribbean,Curacao,2222-05-25,Curacao_Orbicella_faveolata_12,CUW,12.10932,-68.95443,Orbicella faveolata,33.23,34.23,35.25,22220525_CUW_Curacao_Orbicella faveolata_12_37.07_420,2222-05-25,Caribbean,37.07,420,0.0,No publications available,2026,No doi available
Global_Search_Caribbean,Curacao,2222-05-25,Curacao_Orbicella_faveolata_1,CUW,12.10932,-68.95443,Orbicella faveolata,31.1,34.27,37.76,22220525_CUW_Curacao_Orbicella faveolata_1_34.04_420,2222-05-25,Caribbean,34.04,420,0.304,No publications available,2026,No doi available
Global_Search_Caribbean,Curacao,2222-05-25,Curacao_Orbicella_faveolata_2,CUW,12.10932,-68.95443,Orbicella faveolata,32.28,34.8,37.52,22220525_CUW_Curacao_Orbicella faveolata_2_34.04_420,2222-05-25,Caribbean,34.04,420,0.37,No publications available,2026,No doi available
Global_Search_Caribbean,Curacao,2222-05-25,Curacao_Orbicella_faveolata_3,CUW,12.10932,-68.95443,Orbicella faveolata,32.83,35.02,37.35,22220525_CUW_Curacao_Orbicella faveolata_3_34.04_420,2222-05-25,Caribbean,34.04,420,0.405,No publications available,2026,No doi available
Global_Search_Caribbean,Curacao,2222-05-25,Curacao_Orbicella_faveolata_4,CUW,12.10932,-68.95443,Orbicella faveolata,33.37,34.16,34.96,22220525_CUW_Curacao_Orbicella faveolata_4_34.04_420,2222-05-25,Caribbean,34.04,420,0.235,No publications available,2026,No doi available
Global_Search_Caribbean,Curacao,2222-05-25,Curacao_Orbicella_faveolata_5,CUW,12.10932,-68.95443,Orbicella faveolata,31.63,34.39,37.39,22220525_CUW_Curacao_Orbicella faveolata_5_34.04_420,2222-05-25,Caribbean,34.04,420,0.267,No publications available,2026,No doi available
Global_Search_Caribbean,Curacao,2222-05-25,Curacao_Orbicella_faveolata_6,CUW,12.10932,-68.95443,Orbicella faveolata,32.39,34.79,37.37,22220525_CUW_Curacao_Orbicella faveolata_6_34.04_420,2222-05-25,Caribbean,34.04,420,0.373,No publications available,2026,No doi available
Global_Search_Caribbean,Curacao,2222-05-25,Curacao_Orbicella_faveolata_7,CUW,12.10932,-68.95443,Orbicella faveolata,32.45,34.36,36.37,22220525_CUW_Curacao_Orbicella faveolata_7_34.04_420,2222-05-25,Caribbean,34.04,420,0.208,No publications available,2026,No doi available
Global_Search_Caribbean,Curacao,2222-05-25,Curacao_Orbicella_faveolata_8,CUW,12.10932,-68.95443,Orbicella faveolata,33.33,34.23,35.16,22220525_CUW_Curacao_Orbicella faveolata_8_34.04_420,2222-05-25,Caribbean,34.04,420,0.299,No publications available,2026,No doi available
Global_Search_Caribbean,Curacao,2222-05-25,Curacao_Orbicella_faveolata_9,CUW,12.10932,-68.95443,Orbicella faveolata,29.08,33.84,39.39,22220525_CUW_Curacao_Orbicella faveolata_9_34.04_420,2222-05-25,Caribbean,34.04,420,0.29,No publications available,2026,No doi available
Global_Search_Caribbean,Curacao,2222-05-25,Curacao_Orbicella_faveolata_10,CUW,12.10932,-68.95443,Orbicella faveolata,31.94,34.78,37.86,22220525_CUW_Curacao_Orbicella faveolata_10_34.04_420,2222-05-25,Caribbean,34.04,420,0.317,No publications available,2026,No doi available
Global_Search_Caribbean,Curacao,2222-05-25,Curacao_Orbicella_faveolata_11,CUW,12.10932,-68.95443,Orbicella faveolata,33.31,35.02,36.82,22220525_CUW_Curacao_Orbicella faveolata_11_34.04_420,2222-05-25,Caribbean,34.04,420,0.359,No publications available,2026,No doi available
Global_Search_Caribbean,Curacao,2222-05-25,Curacao_Orbicella_faveolata_12,CUW,12.10932,-68.95443,Orbicella faveolata,33.23,34.23,35.25,22220525_CUW_Curacao_Orbicella faveolata_12_34.04_420,2222-05-25,Caribbean,34.04,420,0.345,No publications available,2026,No doi available
Global_Search_Caribbean,Curacao,2222-05-25,Curacao_Orbicella_faveolata_1,CUW,12.10932,-68.95443,Orbicella faveolata,31.1,34.27,37.76,22220525_CUW_Curacao_Orbicella faveolata_1_32.04_420,2222-05-25,Caribbean,32.04,420,0.484,No publications available,2026,No doi available
Global_Search_Caribbean,Curacao,2222-05-25,Curacao_Orbicella_faveolata_2,CUW,12.10932,-68.95443,Orbicella faveolata,32.28,34.8,37.52,22220525_CUW_Curacao_Orbicella faveolata_2_32.04_420,2222-05-25,Caribbean,32.04,420,0.485,No publications available,2026,No doi available
Global_Search_Caribbean,Curacao,2222-05-25,Curacao_Orbicella_faveolata_3,CUW,12.10932,-68.95443,Orbicella faveolata,32.83,35.02,37.35,22220525_CUW_Curacao_Orbicella faveolata_3_32.04_420,2222-05-25,Caribbean,32.04,420,0.474,No publications available,2026,No doi available
Global_Search_Caribbean,Curacao,2222-05-25,Curacao_Orbicella_faveolata_4,CUW,12.10932,-68.95443,Orbicella faveolata,33.37,34.16,34.96,22220525_CUW_Curacao_Orbicella faveolata_4_32.04_420,2222-05-25,Caribbean,32.04,420,0.413,No publications available,2026,No doi available
Global_Search_Caribbean,Curacao,2222-05-25,Curacao_Orbicella_faveolata_5,CUW,12.10932,-68.95443,Orbicella faveolata,31.63,34.39,37.39,22220525_CUW_Curacao_Orbicella faveolata_5_32.04_420,2222-05-25,Caribbean,32.04,420,0.374,No publications available,2026,No doi available
Global_Search_Caribbean,Curacao,2222-05-25,Curacao_Orbicella_faveolata_6,CUW,12.10932,-68.95443,Orbicella faveolata,32.39,34.79,37.37,22220525_CUW_Curacao_Orbicella faveolata_6_32.04_420,2222-05-25,Caribbean,32.04,420,0.526,No publications available,2026,No doi available
Global_Search_Caribbean,Curacao,2222-05-25,Curacao_Orbicella_faveolata_7,CUW,12.10932,-68.95443,Orbicella faveolata,32.45,34.36,36.37,22220525_CUW_Curacao_Orbicella faveolata_7_32.04_420,2222-05-25,Caribbean,32.04,420,0.333,No publications available,2026,No doi available
Global_Search_Caribbean,Curacao,2222-05-25,Curacao_Orbicella_faveolata_8,CUW,12.10932,-68.95443,Orbicella faveolata,33.33,34.23,35.16,22220525_CUW_Curacao_Orbicella faveolata_8_32.04_420,2222-05-25,Caribbean,32.04,420,0.467,No publications available,2026,No doi available
Global_Search_Caribbean,Curacao,2222-05-25,Curacao_Orbicella_faveolata_9,CUW,12.10932,-68.95443,Orbicella faveolata,29.08,33.84,39.39,22220525_CUW_Curacao_Orbicella faveolata_9_32.04_420,2222-05-25,Caribbean,32.04,420,0.378,No publications available,2026,No doi available
Global_Search_Caribbean,Curacao,2222-05-25,Curacao_Orbicella_faveolata_10,CUW,12.10932,-68.95443,Orbicella faveolata,31.94,34.78,37.86,22220525_CUW_Curacao_Orbicella faveolata_10_32.04_420,2222-05-25,Caribbean,32.04,420,0.442,No publications available,2026,No doi available
Global_Search_Caribbean,Curacao,2222-05-25,Curacao_Orbicella_faveolata_11,CUW,12.10932,-68.95443,Orbicella faveolata,33.31,35.02,36.82,22220525_CUW_Curacao_Orbicella faveolata_11_32.04_420,2222-05-25,Caribbean,32.04,420,0.43,No publications available,2026,No doi available
Global_Search_Caribbean,Curacao,2222-05-25,Curacao_Orbicella_faveolata_12,CUW,12.10932,-68.95443,Orbicella faveolata,33.23,34.23,35.25,22220525_CUW_Curacao_Orbicella faveolata_12_32.04_420,2222-05-25,Caribbean,32.04,420,0.546,No publications available,2026,No doi available
Global_Search_Caribbean,Curacao,2222-05-25,Curacao_Orbicella_faveolata_1,CUW,12.10932,-68.95443,Orbicella faveolata,31.1,34.27,37.76,22220525_CUW_Curacao_Orbicella faveolata_1_28.04_420,2222-05-25,Caribbean,28.04,420,0.55,No publications available,2026,No doi available
Global_Search_Caribbean,Curacao,2222-05-25,Curacao_Orbicella_faveolata_2,CUW,12.10932,-68.95443,Orbicella faveolata,32.28,34.8,37.52,22220525_CUW_Curacao_Orbicella faveolata_2_28.04_420,2222-05-25,Caribbean,28.04,420,0.531,No publications available,2026,No doi available
Global_Search_Caribbean,Curacao,2222-05-25,Curacao_Orbicella_faveolata_3,CUW,12.10932,-68.95443,Orbicella faveolata,32.83,35.02,37.35,22220525_CUW_Curacao_Orbicella faveolata_3_28.04_420,2222-05-25,Caribbean,28.04,420,0.534,No publications available,2026,No doi available
Global_Search_Caribbean,Curacao,2222-05-25,Curacao_Orbicella_faveolata_4,CUW,12.10932,-68.95443,Orbicella faveolata,33.37,34.16,34.96,22220525_CUW_Curacao_Orbicella faveolata_4_28.04_420,2222-05-25,Caribbean,28.04,420,0.361,No publications available,2026,No doi available
Global_Search_Caribbean,Curacao,2222-05-25,Curacao_Orbicella_faveolata_5,CUW,12.10932,-68.95443,Orbicella faveolata,31.63,34.39,37.39,22220525_CUW_Curacao_Orbicella faveolata_5_28.04_420,2222-05-25,Caribbean,28.04,420,0.449,No publications available,2026,No doi available
Global_Search_Caribbean,Curacao,2222-05-25,Curacao_Orbicella_faveolata_6,CUW,12.10932,-68.95443,Orbicella faveolata,32.39,34.79,37.37,22220525_CUW_Curacao_Orbicella faveolata_6_28.04_420,2222-05-25,Caribbean,28.04,420,0.519,No publications available,2026,No doi available
Global_Search_Caribbean,Curacao,2222-05-25,Curacao_Orbicella_faveolata_7,CUW,12.10932,-68.95443,Orbicella faveolata,32.45,34.36,36.37,22220525_CUW_Curacao_Orbicella faveolata_7_28.04_420,2222-05-25,Caribbean,28.04,420,0.335,No publications available,2026,No doi available
Global_Search_Caribbean,Curacao,2222-05-25,Curacao_Orbicella_faveolata_8,CUW,12.10932,-68.95443,Orbicella faveolata,33.33,34.23,35.16,22220525_CUW_Curacao_Orbicella faveolata_8_28.04_420,2222-05-25,Caribbean,28.04,420,0.452,No publications available,2026,No doi available
Global_Search_Caribbean,Curacao,2222-05-25,Curacao_Orbicella_faveolata_9,CUW,12.10932,-68.95443,Orbicella faveolata,29.08,33.84,39.39,22220525_CUW_Curacao_Orbicella faveolata_9_28.04_420,2222-05-25,Caribbean,28.04,420,0.54,No publications available,2026,No doi available
Global_Search_Caribbean,Curacao,2222-05-25,Curacao_Orbicella_faveolata_10,CUW,12.10932,-68.95443,Orbicella faveolata,31.94,34.78,37.86,22220525_CUW_Curacao_Orbicella faveolata_10_28.04_420,2222-05-25,Caribbean,28.04,420,0.468,No publications available,2026,No doi available
Global_Search_Caribbean,Curacao,2222-05-25,Curacao_Orbicella_faveolata_11,CUW,12.10932,-68.95443,Orbicella faveolata,33.31,35.02,36.82,22220525_CUW_Curacao_Orbicella faveolata_11_28.04_420,2222-05-25,Caribbean,28.04,420,0.423,No publications available,2026,No doi available
Global_Search_Caribbean,Curacao,2222-05-25,Curacao_Orbicella_faveolata_12,CUW,12.10932,-68.95443,Orbicella faveolata,33.23,34.23,35.25,22220525_CUW_Curacao_Orbicella faveolata_12_28.04_420,2222-05-25,Caribbean,28.04,420,0.541,No publications available,2026,No doi available
Global_Search_Caribbean,Lower Florida Keys,2222-04-24,Lower_Florida_Keys_Porites_astreoides_1,USA,25.022467,-80.439564,Porites astreoides,35.16,36.25,37.38,22220424_USA_Lower Florida Keys_Porites astreoides_1_38.6_420,2222-04-24,Caribbean,38.6,420,0.0,No publications available,2026,No doi available
Global_Search_Caribbean,Lower Florida Keys,2222-04-24,Lower_Florida_Keys_Porites_astreoides_2,USA,25.022467,-80.439564,Porites astreoides,34.81,36.33,37.93,22220424_USA_Lower Florida Keys_Porites astreoides_2_38.6_420,2222-04-24,Caribbean,38.6,420,0.0,No publications available,2026,No doi available
Global_Search_Caribbean,Lower Florida Keys,2222-04-24,Lower_Florida_Keys_Porites_astreoides_3,USA,25.022467,-80.439564,Porites astreoides,34.05,36.11,38.3,22220424_USA_Lower Florida Keys_Porites astreoides_3_38.6_420,2222-04-24,Caribbean,38.6,420,0.0,No publications available,2026,No doi available
Global_Search_Caribbean,Lower Florida Keys,2222-04-24,Lower_Florida_Keys_Porites_astreoides_4,USA,25.022467,-80.439564,Porites astreoides,34.43,37.22,40.23,22220424_USA_Lower Florida Keys_Porites astreoides_4_38.6_420,2222-04-24,Caribbean,38.6,420,0.113,No publications available,2026,No doi available
Global_Search_Caribbean,Lower Florida Keys,2222-04-24,Lower_Florida_Keys_Porites_astreoides_5,USA,25.022467,-80.439564,Porites astreoides,34.52,35.95,37.44,22220424_USA_Lower Florida Keys_Porites astreoides_5_38.6_420,2222-04-24,Caribbean,38.6,420,0.0,No publications available,2026,No doi available
Global_Search_Caribbean,Lower Florida Keys,2222-04-24,Lower_Florida_Keys_Porites_astreoides_6,USA,25.022467,-80.439564,Porites astreoides,35.24,36.42,37.63,22220424_USA_Lower Florida Keys_Porites astreoides_6_38.6_420,2222-04-24,Caribbean,38.6,420,0.0,No publications available,2026,No doi available
Global_Search_Caribbean,Lower Florida Keys,2222-04-24,Lower_Florida_Keys_Porites_astreoides_7,USA,25.022467,-80.439564,Porites astreoides,33.83,36.65,39.69,22220424_USA_Lower Florida Keys_Porites astreoides_7_38.6_420,2222-04-24,Caribbean,38.6,420,0.07,No publications available,2026,No doi available
Global_Search_Caribbean,Lower Florida Keys,2222-04-24,Lower_Florida_Keys_Porites_astreoides_8,USA,25.022467,-80.439564,Porites astreoides,34.65,36.05,37.5,22220424_USA_Lower Florida Keys_Porites astreoides_8_38.6_420,2222-04-24,Caribbean,38.6,420,0.0,No publications available,2026,No doi available
Global_Search_Caribbean,Lower Florida Keys,2222-04-24,Lower_Florida_Keys_Porites_astreoides_9,USA,25.022467,-80.439564,Porites astreoides,34.69,36.13,37.63,22220424_USA_Lower Florida Keys_Porites astreoides_9_38.6_420,2222-04-24,Caribbean,38.6,420,0.0,No publications available,2026,No doi available
Global_Search_Caribbean,Lower Florida Keys,2222-04-24,Lower_Florida_Keys_Porites_astreoides_10,USA,25.022467,-80.439564,Porites astreoides,34.89,35.63,36.39,22220424_USA_Lower Florida Keys_Porites astreoides_10_38.6_420,2222-04-24,Caribbean,38.6,420,0.017,No publications available,2026,No doi available
Global_Search_Caribbean,Lower Florida Keys,2222-04-24,Lower_Florida_Keys_Porites_astreoides_11,USA,25.022467,-80.439564,Porites astreoides,31.75,35.7,40.13,22220424_USA_Lower Florida Keys_Porites astreoides_11_38.6_420,2222-04-24,Caribbean,38.6,420,0.0,No publications available,2026,No doi available
Global_Search_Caribbean,Lower Florida Keys,2222-04-24,Lower_Florida_Keys_Porites_astreoides_12,USA,25.022467,-80.439564,Porites astreoides,35.68,36.66,37.67,22220424_USA_Lower Florida Keys_Porites astreoides_12_38.6_420,2222-04-24,Caribbean,38.6,420,0.0,No publications available,2026,No doi available
Global_Search_Caribbean,Lower Florida Keys,2222-04-24,Lower_Florida_Keys_Porites_astreoides_13,USA,25.022467,-80.439564,Porites astreoides,33.92,35.74,37.66,22220424_USA_Lower Florida Keys_Porites astreoides_13_38.6_420,2222-04-24,Caribbean,38.6,420,0.0,No publications available,2026,No doi available
Global_Search_Caribbean,Lower Florida Keys,2222-04-24,Lower_Florida_Keys_Porites_astreoides_1,USA,25.022467,-80.439564,Porites astreoides,35.16,36.25,37.38,22220424_USA_Lower Florida Keys_Porites astreoides_1_35.6_420,2222-04-24,Caribbean,35.6,420,0.523,No publications available,2026,No doi available
Global_Search_Caribbean,Lower Florida Keys,2222-04-24,Lower_Florida_Keys_Porites_astreoides_2,USA,25.022467,-80.439564,Porites astreoides,34.81,36.33,37.93,22220424_USA_Lower Florida Keys_Porites astreoides_2_35.6_420,2222-04-24,Caribbean,35.6,420,0.479,No publications available,2026,No doi available
Global_Search_Caribbean,Lower Florida Keys,2222-04-24,Lower_Florida_Keys_Porites_astreoides_3,USA,25.022467,-80.439564,Porites astreoides,34.05,36.11,38.3,22220424_USA_Lower Florida Keys_Porites astreoides_3_35.6_420,2222-04-24,Caribbean,35.6,420,0.407,No publications available,2026,No doi available
Global_Search_Caribbean,Lower Florida Keys,2222-04-24,Lower_Florida_Keys_Porites_astreoides_4,USA,25.022467,-80.439564,Porites astreoides,34.43,37.22,40.23,22220424_USA_Lower Florida Keys_Porites astreoides_4_35.6_420,2222-04-24,Caribbean,35.6,420,0.456,No publications available,2026,No doi available
Global_Search_Caribbean,Lower Florida Keys,2222-04-24,Lower_Florida_Keys_Porites_astreoides_5,USA,25.022467,-80.439564,Porites astreoides,34.52,35.95,37.44,22220424_USA_Lower Florida Keys_Porites astreoides_5_35.6_420,2222-04-24,Caribbean,35.6,420,0.373,No publications available,2026,No doi available
Global_Search_Caribbean,Lower Florida Keys,2222-04-24,Lower_Florida_Keys_Porites_astreoides_6,USA,25.022467,-80.439564,Porites astreoides,35.24,36.42,37.63,22220424_USA_Lower Florida Keys_Porites astreoides_6_35.6_420,2222-04-24,Caribbean,35.6,420,0.565,No publications available,2026,No doi available
Global_Search_Caribbean,Lower Florida Keys,2222-04-24,Lower_Florida_Keys_Porites_astreoides_7,USA,25.022467,-80.439564,Porites astreoides,33.83,36.65,39.69,22220424_USA_Lower Florida Keys_Porites astreoides_7_35.6_420,2222-04-24,Caribbean,35.6,420,0.415,No publications available,2026,No doi available
Global_Search_Caribbean,Lower Florida Keys,2222-04-24,Lower_Florida_Keys_Porites_astreoides_8,USA,25.022467,-80.439564,Porites astreoides,34.65,36.05,37.5,22220424_USA_Lower Florida Keys_Porites astreoides_8_35.6_420,2222-04-24,Caribbean,35.6,420,0.424,No publications available,2026,No doi available
Global_Search_Caribbean,Lower Florida Keys,2222-04-24,Lower_Florida_Keys_Porites_astreoides_9,USA,25.022467,-80.439564,Porites astreoides,34.69,36.13,37.63,22220424_USA_Lower Florida Keys_Porites astreoides_9_35.6_420,2222-04-24,Caribbean,35.6,420,0.472,No publications available,2026,No doi available
Global_Search_Caribbean,Lower Florida Keys,2222-04-24,Lower_Florida_Keys_Porites_astreoides_10,USA,25.022467,-80.439564,Porites astreoides,34.89,35.63,36.39,22220424_USA_Lower Florida Keys_Porites astreoides_10_35.6_420,2222-04-24,Caribbean,35.6,420,0.317,No publications available,2026,No doi available
Global_Search_Caribbean,Lower Florida Keys,2222-04-24,Lower_Florida_Keys_Porites_astreoides_11,USA,25.022467,-80.439564,Porites astreoides,31.75,35.7,40.13,22220424_USA_Lower Florida Keys_Porites astreoides_11_35.6_420,2222-04-24,Caribbean,35.6,420,0.377,No publications available,2026,No doi available
Global_Search_Caribbean,Lower Florida Keys,2222-04-24,Lower_Florida_Keys_Porites_astreoides_12,USA,25.022467,-80.439564,Porites astreoides,35.68,36.66,37.67,22220424_USA_Lower Florida Keys_Porites astreoides_12_35.6_420,2222-04-24,Caribbean,35.6,420,0.569,No publications available,2026,No doi available
Global_Search_Caribbean,Lower Florida Keys,2222-04-24,Lower_Florida_Keys_Porites_astreoides_13,USA,25.022467,-80.439564,Porites astreoides,33.92,35.74,37.66,22220424_USA_Lower Florida Keys_Porites astreoides_13_35.6_420,2222-04-24,Caribbean,35.6,420,0.347,No publications available,2026,No doi available
Global_Search_Caribbean,Lower Florida Keys,2222-04-24,Lower_Florida_Keys_Porites_astreoides_1,USA,25.022467,-80.439564,Porites astreoides,35.16,36.25,37.38,22220424_USA_Lower Florida Keys_Porites astreoides_1_33.6_420,2222-04-24,Caribbean,33.6,420,0.621,No publications available,2026,No doi available
Global_Search_Caribbean,Lower Florida Keys,2222-04-24,Lower_Florida_Keys_Porites_astreoides_2,USA,25.022467,-80.439564,Porites astreoides,34.81,36.33,37.93,22220424_USA_Lower Florida Keys_Porites astreoides_2_33.6_420,2222-04-24,Caribbean,33.6,420,0.551,No publications available,2026,No doi available
Global_Search_Caribbean,Lower Florida Keys,2222-04-24,Lower_Florida_Keys_Porites_astreoides_3,USA,25.022467,-80.439564,Porites astreoides,34.05,36.11,38.3,22220424_USA_Lower Florida Keys_Porites astreoides_3_33.6_420,2222-04-24,Caribbean,33.6,420,0.542,No publications available,2026,No doi available
Global_Search_Caribbean,Lower Florida Keys,2222-04-24,Lower_Florida_Keys_Porites_astreoides_4,USA,25.022467,-80.439564,Porites astreoides,34.43,37.22,40.23,22220424_USA_Lower Florida Keys_Porites astreoides_4_33.6_420,2222-04-24,Caribbean,33.6,420,0.566,No publications available,2026,No doi available
Global_Search_Caribbean,Lower Florida Keys,2222-04-24,Lower_Florida_Keys_Porites_astreoides_5,USA,25.022467,-80.439564,Porites astreoides,34.52,35.95,37.44,22220424_USA_Lower Florida Keys_Porites astreoides_5_33.6_420,2222-04-24,Caribbean,33.6,420,0.549,No publications available,2026,No doi available
Global_Search_Caribbean,Lower Florida Keys,2222-04-24,Lower_Florida_Keys_Porites_astreoides_6,USA,25.022467,-80.439564,Porites astreoides,35.24,36.42,37.63,22220424_USA_Lower Florida Keys_Porites astreoides_6_33.6_420,2222-04-24,Caribbean,33.6,420,0.616,No publications available,2026,No doi available
Global_Search_Caribbean,Lower Florida Keys,2222-04-24,Lower_Florida_Keys_Porites_astreoides_7,USA,25.022467,-80.439564,Porites astreoides,33.83,36.65,39.69,22220424_USA_Lower Florida Keys_Porites astreoides_7_33.6_420,2222-04-24,Caribbean,33.6,420,0.528,No publications available,2026,No doi available
Global_Search_Caribbean,Lower Florida Keys,2222-04-24,Lower_Florida_Keys_Porites_astreoides_8,USA,25.022467,-80.439564,Porites astreoides,34.65,36.05,37.5,22220424_USA_Lower Florida Keys_Porites astreoides_8_33.6_420,2222-04-24,Caribbean,33.6,420,0.584,No publications available,2026,No doi available
Global_Search_Caribbean,Lower Florida Keys,2222-04-24,Lower_Florida_Keys_Porites_astreoides_9,USA,25.022467,-80.439564,Porites astreoides,34.69,36.13,37.63,22220424_USA_Lower Florida Keys_Porites astreoides_9_33.6_420,2222-04-24,Caribbean,33.6,420,0.619,No publications available,2026,No doi available
Global_Search_Caribbean,Lower Florida Keys,2222-04-24,Lower_Florida_Keys_Porites_astreoides_10,USA,25.022467,-80.439564,Porites astreoides,34.89,35.63,36.39,22220424_USA_Lower Florida Keys_Porites astreoides_10_33.6_420,2222-04-24,Caribbean,33.6,420,0.605,No publications available,2026,No doi available
Global_Search_Caribbean,Lower Florida Keys,2222-04-24,Lower_Florida_Keys_Porites_astreoides_11,USA,25.022467,-80.439564,Porites astreoides,31.75,35.7,40.13,22220424_USA_Lower Florida Keys_Porites astreoides_11_33.6_420,2222-04-24,Caribbean,33.6,420,0.397,No publications available,2026,No doi available
Global_Search_Caribbean,Lower Florida Keys,2222-04-24,Lower_Florida_Keys_Porites_astreoides_12,USA,25.022467,-80.439564,Porites astreoides,35.68,36.66,37.67,22220424_USA_Lower Florida Keys_Porites astreoides_12_33.6_420,2222-04-24,Caribbean,33.6,420,0.578,No publications available,2026,No doi available
Global_Search_Caribbean,Lower Florida Keys,2222-04-24,Lower_Florida_Keys_Porites_astreoides_13,USA,25.022467,-80.439564,Porites astreoides,33.92,35.74,37.66,22220424_USA_Lower Florida Keys_Porites astreoides_13_33.6_420,2222-04-24,Caribbean,33.6,420,0.6,No publications available,2026,No doi available
Global_Search_Caribbean,Lower Florida Keys,2222-04-24,Lower_Florida_Keys_Porites_astreoides_1,USA,25.022467,-80.439564,Porites astreoides,35.16,36.25,37.38,22220424_USA_Lower Florida Keys_Porites astreoides_1_29.6_420,2222-04-24,Caribbean,29.6,420,0.607,No publications available,2026,No doi available
Global_Search_Caribbean,Lower Florida Keys,2222-04-24,Lower_Florida_Keys_Porites_astreoides_2,USA,25.022467,-80.439564,Porites astreoides,34.81,36.33,37.93,22220424_USA_Lower Florida Keys_Porites astreoides_2_29.6_420,2222-04-24,Caribbean,29.6,420,0.634,No publications available,2026,No doi available
Global_Search_Caribbean,Lower Florida Keys,2222-04-24,Lower_Florida_Keys_Porites_astreoides_3,USA,25.022467,-80.439564,Porites astreoides,34.05,36.11,38.3,22220424_USA_Lower Florida Keys_Porites astreoides_3_29.6_420,2222-04-24,Caribbean,29.6,420,0.627,No publications available,2026,No doi available
Global_Search_Caribbean,Lower Florida Keys,2222-04-24,Lower_Florida_Keys_Porites_astreoides_4,USA,25.022467,-80.439564,Porites astreoides,34.43,37.22,40.23,22220424_USA_Lower Florida Keys_Porites astreoides_4_29.6_420,2222-04-24,Caribbean,29.6,420,0.528,No publications available,2026,No doi available
Global_Search_Caribbean,Lower Florida Keys,2222-04-24,Lower_Florida_Keys_Porites_astreoides_5,USA,25.022467,-80.439564,Porites astreoides,34.52,35.95,37.44,22220424_USA_Lower Florida Keys_Porites astreoides_5_29.6_420,2222-04-24,Caribbean,29.6,420,0.559,No publications available,2026,No doi available
Global_Search_Caribbean,Lower Florida Keys,2222-04-24,Lower_Florida_Keys_Porites_astreoides_6,USA,25.022467,-80.439564,Porites astreoides,35.24,36.42,37.63,22220424_USA_Lower Florida Keys_Porites astreoides_6_29.6_420,2222-04-24,Caribbean,29.6,420,0.66,No publications available,2026,No doi available
Global_Search_Caribbean,Lower Florida Keys,2222-04-24,Lower_Florida_Keys_Porites_astreoides_7,USA,25.022467,-80.439564,Porites astreoides,33.83,36.65,39.69,22220424_USA_Lower Florida Keys_Porites astreoides_7_29.6_420,2222-04-24,Caribbean,29.6,420,0.559,No publications available,2026,No doi available
Global_Search_Caribbean,Lower Florida Keys,2222-04-24,Lower_Florida_Keys_Porites_astreoides_8,USA,25.022467,-80.439564,Porites astreoides,34.65,36.05,37.5,22220424_USA_Lower Florida Keys_Porites astreoides_8_29.6_420,2222-04-24,Caribbean,29.6,420,0.596,No publications available,2026,No doi available
Global_Search_Caribbean,Lower Florida Keys,2222-04-24,Lower_Florida_Keys_Porites_astreoides_9,USA,25.022467,-80.439564,Porites astreoides,34.69,36.13,37.63,22220424_USA_Lower Florida Keys_Porites astreoides_9_29.6_420,2222-04-24,Caribbean,29.6,420,0.643,No publications available,2026,No doi available
Global_Search_Caribbean,Lower Florida Keys,2222-04-24,Lower_Florida_Keys_Porites_astreoides_10,USA,25.022467,-80.439564,Porites astreoides,34.89,35.63,36.39,22220424_USA_Lower Florida Keys_Porites astreoides_10_29.6_420,2222-04-24,Caribbean,29.6,420,0.586,No publications available,2026,No doi available
Global_Search_Caribbean,Lower Florida Keys,2222-04-24,Lower_Florida_Keys_Porites_astreoides_11,USA,25.022467,-80.439564,Porites astreoides,31.75,35.7,40.13,22220424_USA_Lower Florida Keys_Porites astreoides_11_29.6_420,2222-04-24,Caribbean,29.6,420,0.611,No publications available,2026,No doi available
Global_Search_Caribbean,Lower Florida Keys,2222-04-24,Lower_Florida_Keys_Porites_astreoides_12,USA,25.022467,-80.439564,Porites astreoides,35.68,36.66,37.67,22220424_USA_Lower Florida Keys_Porites astreoides_12_29.6_420,2222-04-24,Caribbean,29.6,420,0.607,No publications available,2026,No doi available
Global_Search_Caribbean,Lower Florida Keys,2222-04-24,Lower_Florida_Keys_Porites_astreoides_13,USA,25.022467,-80.439564,Porites astreoides,33.92,35.74,37.66,22220424_USA_Lower Florida Keys_Porites astreoides_13_29.6_420,2222-04-24,Caribbean,29.6,420,0.628,No publications available,2026,No doi available
Global_Search_Caribbean,Lower Florida Keys,2222-04-22,Lower_Florida_Keys_Orbicella_faveolata_1,USA,25.00843,-80.45875,Orbicella faveolata,33.45,34.56,35.71,22220422_USA_Lower Florida Keys_Orbicella faveolata_1_38.6_420,2222-04-22,Caribbean,38.6,420,0.031,No publications available,2026,No doi available
Global_Search_Caribbean,Lower Florida Keys,2222-04-22,Lower_Florida_Keys_Orbicella_faveolata_2,USA,25.00843,-80.45875,Orbicella faveolata,32.11,34.73,37.57,22220422_USA_Lower Florida Keys_Orbicella faveolata_2_38.6_420,2222-04-22,Caribbean,38.6,420,0.004,No publications available,2026,No doi available
Global_Search_Caribbean,Lower Florida Keys,2222-04-22,Lower_Florida_Keys_Orbicella_faveolata_3,USA,25.00843,-80.45875,Orbicella faveolata,32.6,34.88,37.32,22220422_USA_Lower Florida Keys_Orbicella faveolata_3_38.6_420,2222-04-22,Caribbean,38.6,420,0.0,No publications available,2026,No doi available
Global_Search_Caribbean,Lower Florida Keys,2222-04-22,Lower_Florida_Keys_Orbicella_faveolata_4,USA,25.00843,-80.45875,Orbicella faveolata,32.33,34.81,37.46,22220422_USA_Lower Florida Keys_Orbicella faveolata_4_38.6_420,2222-04-22,Caribbean,38.6,420,0.024,No publications available,2026,No doi available
Global_Search_Caribbean,Lower Florida Keys,2222-04-22,Lower_Florida_Keys_Orbicella_faveolata_5,USA,25.00843,-80.45875,Orbicella faveolata,31.19,34.48,38.12,22220422_USA_Lower Florida Keys_Orbicella faveolata_5_38.6_420,2222-04-22,Caribbean,38.6,420,0.079,No publications available,2026,No doi available
Global_Search_Caribbean,Lower Florida Keys,2222-04-22,Lower_Florida_Keys_Orbicella_faveolata_6,USA,25.00843,-80.45875,Orbicella faveolata,31.66,35.23,39.2,22220422_USA_Lower Florida Keys_Orbicella faveolata_6_38.6_420,2222-04-22,Caribbean,38.6,420,0.024,No publications available,2026,No doi available
Global_Search_Caribbean,Lower Florida Keys,2222-04-22,Lower_Florida_Keys_Orbicella_faveolata_7,USA,25.00843,-80.45875,Orbicella faveolata,33.57,34.99,36.47,22220422_USA_Lower Florida Keys_Orbicella faveolata_7_38.6_420,2222-04-22,Caribbean,38.6,420,0.016,No publications available,2026,No doi available
Global_Search_Caribbean,Lower Florida Keys,2222-04-22,Lower_Florida_Keys_Orbicella_faveolata_8,USA,25.00843,-80.45875,Orbicella faveolata,32.31,34.25,36.3,22220422_USA_Lower Florida Keys_Orbicella faveolata_8_38.6_420,2222-04-22,Caribbean,38.6,420,0.061,No publications available,2026,No doi available
Global_Search_Caribbean,Lower Florida Keys,2222-04-22,Lower_Florida_Keys_Orbicella_faveolata_9,USA,25.00843,-80.45875,Orbicella faveolata,33.67,35.05,36.49,22220422_USA_Lower Florida Keys_Orbicella faveolata_9_38.6_420,2222-04-22,Caribbean,38.6,420,0.043,No publications available,2026,No doi available
Global_Search_Caribbean,Lower Florida Keys,2222-04-22,Lower_Florida_Keys_Orbicella_faveolata_10,USA,25.00843,-80.45875,Orbicella faveolata,32.99,34.8,36.71,22220422_USA_Lower Florida Keys_Orbicella faveolata_10_38.6_420,2222-04-22,Caribbean,38.6,420,0.07,No publications available,2026,No doi available
Global_Search_Caribbean,Lower Florida Keys,2222-04-22,Lower_Florida_Keys_Orbicella_faveolata_11,USA,25.00843,-80.45875,Orbicella faveolata,32.66,34.8,37.09,22220422_USA_Lower Florida Keys_Orbicella faveolata_11_38.6_420,2222-04-22,Caribbean,38.6,420,0.166,No publications available,2026,No doi available
Global_Search_Caribbean,Lower Florida Keys,2222-04-22,Lower_Florida_Keys_Orbicella_faveolata_12,USA,25.00843,-80.45875,Orbicella faveolata,35.19,37.23,39.39,22220422_USA_Lower Florida Keys_Orbicella faveolata_12_38.6_420,2222-04-22,Caribbean,38.6,420,0.076,No publications available,2026,No doi available
Global_Search_Caribbean,Lower Florida Keys,2222-04-22,Lower_Florida_Keys_Orbicella_faveolata_13,USA,25.00843,-80.45875,Orbicella faveolata,34.75,35.5,36.27,22220422_USA_Lower Florida Keys_Orbicella faveolata_13_38.6_420,2222-04-22,Caribbean,38.6,420,0.017,No publications available,2026,No doi available
Global_Search_Caribbean,Lower Florida Keys,2222-04-22,Lower_Florida_Keys_Orbicella_faveolata_14,USA,25.00843,-80.45875,Orbicella faveolata,33.14,35.14,37.25,22220422_USA_Lower Florida Keys_Orbicella faveolata_14_38.6_420,2222-04-22,Caribbean,38.6,420,0.016,No publications available,2026,No doi available
Global_Search_Caribbean,Lower Florida Keys,2222-04-22,Lower_Florida_Keys_Orbicella_faveolata_1,USA,25.00843,-80.45875,Orbicella faveolata,33.45,34.56,35.71,22220422_USA_Lower Florida Keys_Orbicella faveolata_1_35.6_420,2222-04-22,Caribbean,35.6,420,0.035,No publications available,2026,No doi available
Global_Search_Caribbean,Lower Florida Keys,2222-04-22,Lower_Florida_Keys_Orbicella_faveolata_2,USA,25.00843,-80.45875,Orbicella faveolata,32.11,34.73,37.57,22220422_USA_Lower Florida Keys_Orbicella faveolata_2_35.6_420,2222-04-22,Caribbean,35.6,420,0.164,No publications available,2026,No doi available
Global_Search_Caribbean,Lower Florida Keys,2222-04-22,Lower_Florida_Keys_Orbicella_faveolata_3,USA,25.00843,-80.45875,Orbicella faveolata,32.6,34.88,37.32,22220422_USA_Lower Florida Keys_Orbicella faveolata_3_35.6_420,2222-04-22,Caribbean,35.6,420,0.165,No publications available,2026,No doi available
Global_Search_Caribbean,Lower Florida Keys,2222-04-22,Lower_Florida_Keys_Orbicella_faveolata_4,USA,25.00843,-80.45875,Orbicella faveolata,32.33,34.81,37.46,22220422_USA_Lower Florida Keys_Orbicella faveolata_4_35.6_420,2222-04-22,Caribbean,35.6,420,0.162,No publications available,2026,No doi available
Global_Search_Caribbean,Lower Florida Keys,2222-04-22,Lower_Florida_Keys_Orbicella_faveolata_5,USA,25.00843,-80.45875,Orbicella faveolata,31.19,34.48,38.12,22220422_USA_Lower Florida Keys_Orbicella faveolata_5_35.6_420,2222-04-22,Caribbean,35.6,420,0.135,No publications available,2026,No doi available
Global_Search_Caribbean,Lower Florida Keys,2222-04-22,Lower_Florida_Keys_Orbicella_faveolata_6,USA,25.00843,-80.45875,Orbicella faveolata,31.66,35.23,39.2,22220422_USA_Lower Florida Keys_Orbicella faveolata_6_35.6_420,2222-04-22,Caribbean,35.6,420,0.25,No publications available,2026,No doi available
Global_Search_Caribbean,Lower Florida Keys,2222-04-22,Lower_Florida_Keys_Orbicella_faveolata_7,USA,25.00843,-80.45875,Orbicella faveolata,33.57,34.99,36.47,22220422_USA_Lower Florida Keys_Orbicella faveolata_7_35.6_420,2222-04-22,Caribbean,35.6,420,0.127,No publications available,2026,No doi available
Global_Search_Caribbean,Lower Florida Keys,2222-04-22,Lower_Florida_Keys_Orbicella_faveolata_8,USA,25.00843,-80.45875,Orbicella faveolata,32.31,34.25,36.3,22220422_USA_Lower Florida Keys_Orbicella faveolata_8_35.6_420,2222-04-22,Caribbean,35.6,420,0.067,No publications available,2026,No doi available
Global_Search_Caribbean,Lower Florida Keys,2222-04-22,Lower_Florida_Keys_Orbicella_faveolata_9,USA,25.00843,-80.45875,Orbicella faveolata,33.67,35.05,36.49,22220422_USA_Lower Florida Keys_Orbicella faveolata_9_35.6_420,2222-04-22,Caribbean,35.6,420,0.12,No publications available,2026,No doi available
Global_Search_Caribbean,Lower Florida Keys,2222-04-22,Lower_Florida_Keys_Orbicella_faveolata_10,USA,25.00843,-80.45875,Orbicella faveolata,32.99,34.8,36.71,22220422_USA_Lower Florida Keys_Orbicella faveolata_10_35.6_420,2222-04-22,Caribbean,35.6,420,0.124,No publications available,2026,No doi available
Global_Search_Caribbean,Lower Florida Keys,2222-04-22,Lower_Florida_Keys_Orbicella_faveolata_11,USA,25.00843,-80.45875,Orbicella faveolata,32.66,34.8,37.09,22220422_USA_Lower Florida Keys_Orbicella faveolata_11_35.6_420,2222-04-22,Caribbean,35.6,420,0.127,No publications available,2026,No doi available
Global_Search_Caribbean,Lower Florida Keys,2222-04-22,Lower_Florida_Keys_Orbicella_faveolata_12,USA,25.00843,-80.45875,Orbicella faveolata,35.19,37.23,39.39,22220422_USA_Lower Florida Keys_Orbicella faveolata_12_35.6_420,2222-04-22,Caribbean,35.6,420,0.537,No publications available,2026,No doi available
Global_Search_Caribbean,Lower Florida Keys,2222-04-22,Lower_Florida_Keys_Orbicella_faveolata_13,USA,25.00843,-80.45875,Orbicella faveolata,34.75,35.5,36.27,22220422_USA_Lower Florida Keys_Orbicella faveolata_13_35.6_420,2222-04-22,Caribbean,35.6,420,0.229,No publications available,2026,No doi available
Global_Search_Caribbean,Lower Florida Keys,2222-04-22,Lower_Florida_Keys_Orbicella_faveolata_14,USA,25.00843,-80.45875,Orbicella faveolata,33.14,35.14,37.25,22220422_USA_Lower Florida Keys_Orbicella faveolata_14_35.6_420,2222-04-22,Caribbean,35.6,420,0.192,No publications available,2026,No doi available
Global_Search_Caribbean,Lower Florida Keys,2222-04-22,Lower_Florida_Keys_Orbicella_faveolata_1,USA,25.00843,-80.45875,Orbicella faveolata,33.45,34.56,35.71,22220422_USA_Lower Florida Keys_Orbicella faveolata_1_33.6_420,2222-04-22,Caribbean,33.6,420,0.499,No publications available,2026,No doi available
Global_Search_Caribbean,Lower Florida Keys,2222-04-22,Lower_Florida_Keys_Orbicella_faveolata_2,USA,25.00843,-80.45875,Orbicella faveolata,32.11,34.73,37.57,22220422_USA_Lower Florida Keys_Orbicella faveolata_2_33.6_420,2222-04-22,Caribbean,33.6,420,0.443,No publications available,2026,No doi available
Global_Search_Caribbean,Lower Florida Keys,2222-04-22,Lower_Florida_Keys_Orbicella_faveolata_3,USA,25.00843,-80.45875,Orbicella faveolata,32.6,34.88,37.32,22220422_USA_Lower Florida Keys_Orbicella faveolata_3_33.6_420,2222-04-22,Caribbean,33.6,420,0.47,No publications available,2026,No doi available
Global_Search_Caribbean,Lower Florida Keys,2222-04-22,Lower_Florida_Keys_Orbicella_faveolata_4,USA,25.00843,-80.45875,Orbicella faveolata,32.33,34.81,37.46,22220422_USA_Lower Florida Keys_Orbicella faveolata_4_33.6_420,2222-04-22,Caribbean,33.6,420,0.461,No publications available,2026,No doi available
Global_Search_Caribbean,Lower Florida Keys,2222-04-22,Lower_Florida_Keys_Orbicella_faveolata_5,USA,25.00843,-80.45875,Orbicella faveolata,31.19,34.48,38.12,22220422_USA_Lower Florida Keys_Orbicella faveolata_5_33.6_420,2222-04-22,Caribbean,33.6,420,0.399,No publications available,2026,No doi available
Global_Search_Caribbean,Lower Florida Keys,2222-04-22,Lower_Florida_Keys_Orbicella_faveolata_6,USA,25.00843,-80.45875,Orbicella faveolata,31.66,35.23,39.2,22220422_USA_Lower Florida Keys_Orbicella faveolata_6_33.6_420,2222-04-22,Caribbean,33.6,420,0.426,No publications available,2026,No doi available
Global_Search_Caribbean,Lower Florida Keys,2222-04-22,Lower_Florida_Keys_Orbicella_faveolata_7,USA,25.00843,-80.45875,Orbicella faveolata,33.57,34.99,36.47,22220422_USA_Lower Florida Keys_Orbicella faveolata_7_33.6_420,2222-04-22,Caribbean,33.6,420,0.532,No publications available,2026,No doi available
Global_Search_Caribbean,Lower Florida Keys,2222-04-22,Lower_Florida_Keys_Orbicella_faveolata_8,USA,25.00843,-80.45875,Orbicella faveolata,32.31,34.25,36.3,22220422_USA_Lower Florida Keys_Orbicella faveolata_8_33.6_420,2222-04-22,Caribbean,33.6,420,0.412,No publications available,2026,No doi available
Global_Search_Caribbean,Lower Florida Keys,2222-04-22,Lower_Florida_Keys_Orbicella_faveolata_9,USA,25.00843,-80.45875,Orbicella faveolata,33.67,35.05,36.49,22220422_USA_Lower Florida Keys_Orbicella faveolata_9_33.6_420,2222-04-22,Caribbean,33.6,420,0.477,No publications available,2026,No doi available
Global_Search_Caribbean,Lower Florida Keys,2222-04-22,Lower_Florida_Keys_Orbicella_faveolata_10,USA,25.00843,-80.45875,Orbicella faveolata,32.99,34.8,36.71,22220422_USA_Lower Florida Keys_Orbicella faveolata_10_33.6_420,2222-04-22,Caribbean,33.6,420,0.504,No publications available,2026,No doi available
Global_Search_Caribbean,Lower Florida Keys,2222-04-22,Lower_Florida_Keys_Orbicella_faveolata_11,USA,25.00843,-80.45875,Orbicella faveolata,32.66,34.8,37.09,22220422_USA_Lower Florida Keys_Orbicella faveolata_11_33.6_420,2222-04-22,Caribbean,33.6,420,0.475,No publications available,2026,No doi available
Global_Search_Caribbean,Lower Florida Keys,2222-04-22,Lower_Florida_Keys_Orbicella_faveolata_12,USA,25.00843,-80.45875,Orbicella faveolata,35.19,37.23,39.39,22220422_USA_Lower Florida Keys_Orbicella faveolata_12_33.6_420,2222-04-22,Caribbean,33.6,420,0.547,No publications available,2026,No doi available
Global_Search_Caribbean,Lower Florida Keys,2222-04-22,Lower_Florida_Keys_Orbicella_faveolata_13,USA,25.00843,-80.45875,Orbicella faveolata,34.75,35.5,36.27,22220422_USA_Lower Florida Keys_Orbicella faveolata_13_33.6_420,2222-04-22,Caribbean,33.6,420,0.57,No publications available,2026,No doi available
Global_Search_Caribbean,Lower Florida Keys,2222-04-22,Lower_Florida_Keys_Orbicella_faveolata_14,USA,25.00843,-80.45875,Orbicella faveolata,33.14,35.14,37.25,22220422_USA_Lower Florida Keys_Orbicella faveolata_14_33.6_420,2222-04-22,Caribbean,33.6,420,0.515,No publications available,2026,No doi available
Global_Search_Caribbean,Lower Florida Keys,2222-04-22,Lower_Florida_Keys_Orbicella_faveolata_1,USA,25.00843,-80.45875,Orbicella faveolata,33.45,34.56,35.71,22220422_USA_Lower Florida Keys_Orbicella faveolata_1_29.6_420,2222-04-22,Caribbean,29.6,420,0.538,No publications available,2026,No doi available
Global_Search_Caribbean,Lower Florida Keys,2222-04-22,Lower_Florida_Keys_Orbicella_faveolata_2,USA,25.00843,-80.45875,Orbicella faveolata,32.11,34.73,37.57,22220422_USA_Lower Florida Keys_Orbicella faveolata_2_29.6_420,2222-04-22,Caribbean,29.6,420,0.571,No publications available,2026,No doi available
Global_Search_Caribbean,Lower Florida Keys,2222-04-22,Lower_Florida_Keys_Orbicella_faveolata_3,USA,25.00843,-80.45875,Orbicella faveolata,32.6,34.88,37.32,22220422_USA_Lower Florida Keys_Orbicella faveolata_3_29.6_420,2222-04-22,Caribbean,29.6,420,0.563,No publications available,2026,No doi available
Global_Search_Caribbean,Lower Florida Keys,2222-04-22,Lower_Florida_Keys_Orbicella_faveolata_4,USA,25.00843,-80.45875,Orbicella faveolata,32.33,34.81,37.46,22220422_USA_Lower Florida Keys_Orbicella faveolata_4_29.6_420,2222-04-22,Caribbean,29.6,420,0.569,No publications available,2026,No doi available
Global_Search_Caribbean,Lower Florida Keys,2222-04-22,Lower_Florida_Keys_Orbicella_faveolata_5,USA,25.00843,-80.45875,Orbicella faveolata,31.19,34.48,38.12,22220422_USA_Lower Florida Keys_Orbicella faveolata_5_29.6_420,2222-04-22,Caribbean,29.6,420,0.554,No publications available,2026,No doi available
Global_Search_Caribbean,Lower Florida Keys,2222-04-22,Lower_Florida_Keys_Orbicella_faveolata_6,USA,25.00843,-80.45875,Orbicella faveolata,31.66,35.23,39.2,22220422_USA_Lower Florida Keys_Orbicella faveolata_6_29.6_420,2222-04-22,Caribbean,29.6,420,0.555,No publications available,2026,No doi available
Global_Search_Caribbean,Lower Florida Keys,2222-04-22,Lower_Florida_Keys_Orbicella_faveolata_7,USA,25.00843,-80.45875,Orbicella faveolata,33.57,34.99,36.47,22220422_USA_Lower Florida Keys_Orbicella faveolata_7_29.6_420,2222-04-22,Caribbean,29.6,420,0.561,No publications available,2026,No doi available
Global_Search_Caribbean,Lower Florida Keys,2222-04-22,Lower_Florida_Keys_Orbicella_faveolata_8,USA,25.00843,-80.45875,Orbicella faveolata,32.31,34.25,36.3,22220422_USA_Lower Florida Keys_Orbicella faveolata_8_29.6_420,2222-04-22,Caribbean,29.6,420,0.566,No publications available,2026,No doi available
Global_Search_Caribbean,Lower Florida Keys,2222-04-22,Lower_Florida_Keys_Orbicella_faveolata_9,USA,25.00843,-80.45875,Orbicella faveolata,33.67,35.05,36.49,22220422_USA_Lower Florida Keys_Orbicella faveolata_9_29.6_420,2222-04-22,Caribbean,29.6,420,0.496,No publications available,2026,No doi available
Global_Search_Caribbean,Lower Florida Keys,2222-04-22,Lower_Florida_Keys_Orbicella_faveolata_10,USA,25.00843,-80.45875,Orbicella faveolata,32.99,34.8,36.71,22220422_USA_Lower Florida Keys_Orbicella faveolata_10_29.6_420,2222-04-22,Caribbean,29.6,420,0.572,No publications available,2026,No doi available
Global_Search_Caribbean,Lower Florida Keys,2222-04-22,Lower_Florida_Keys_Orbicella_faveolata_11,USA,25.00843,-80.45875,Orbicella faveolata,32.66,34.8,37.09,22220422_USA_Lower Florida Keys_Orbicella faveolata_11_29.6_420,2222-04-22,Caribbean,29.6,420,0.543,No publications available,2026,No doi available
Global_Search_Caribbean,Lower Florida Keys,2222-04-22,Lower_Florida_Keys_Orbicella_faveolata_12,USA,25.00843,-80.45875,Orbicella faveolata,35.19,37.23,39.39,22220422_USA_Lower Florida Keys_Orbicella faveolata_12_29.6_420,2222-04-22,Caribbean,29.6,420,0.617,No publications available,2026,No doi available
Global_Search_Caribbean,Lower Florida Keys,2222-04-22,Lower_Florida_Keys_Orbicella_faveolata_13,USA,25.00843,-80.45875,Orbicella faveolata,34.75,35.5,36.27,22220422_USA_Lower Florida Keys_Orbicella faveolata_13_29.6_420,2222-04-22,Caribbean,29.6,420,0.554,No publications available,2026,No doi available
Global_Search_Caribbean,Lower Florida Keys,2222-04-22,Lower_Florida_Keys_Orbicella_faveolata_14,USA,25.00843,-80.45875,Orbicella faveolata,33.14,35.14,37.25,22220422_USA_Lower Florida Keys_Orbicella faveolata_14_29.6_420,2222-04-22,Caribbean,29.6,420,0.566,No publications available,2026,No doi available
Global_Search_Caribbean,Lower Florida Keys,2222-04-23,Lower_Florida_Keys_Siderastrea_siderea_1,USA,25.09044,-80.43123,Siderastrea siderea,35.26,36.8,38.4,22220423_USA_Lower Florida Keys_Siderastrea siderea_1_38.6_420,2222-04-23,Caribbean,38.6,420,0.019,No publications available,2026,No doi available
Global_Search_Caribbean,Lower Florida Keys,2222-04-23,Lower_Florida_Keys_Siderastrea_siderea_2,USA,25.09044,-80.43123,Siderastrea siderea,34.28,36.78,39.47,22220423_USA_Lower Florida Keys_Siderastrea siderea_2_38.6_420,2222-04-23,Caribbean,38.6,420,0.046,No publications available,2026,No doi available
Global_Search_Caribbean,Lower Florida Keys,2222-04-23,Lower_Florida_Keys_Siderastrea_siderea_3,USA,25.09044,-80.43123,Siderastrea siderea,36.06,37.52,39.04,22220423_USA_Lower Florida Keys_Siderastrea siderea_3_38.6_420,2222-04-23,Caribbean,38.6,420,0.058,No publications available,2026,No doi available
Global_Search_Caribbean,Lower Florida Keys,2222-04-23,Lower_Florida_Keys_Siderastrea_siderea_4,USA,25.09044,-80.43123,Siderastrea siderea,35.56,37.59,39.73,22220423_USA_Lower Florida Keys_Siderastrea siderea_4_38.6_420,2222-04-23,Caribbean,38.6,420,0.103,No publications available,2026,No doi available
Global_Search_Caribbean,Lower Florida Keys,2222-04-23,Lower_Florida_Keys_Siderastrea_siderea_5,USA,25.09044,-80.43123,Siderastrea siderea,35.34,36.77,38.25,22220423_USA_Lower Florida Keys_Siderastrea siderea_5_38.6_420,2222-04-23,Caribbean,38.6,420,0.012,No publications available,2026,No doi available
Global_Search_Caribbean,Lower Florida Keys,2222-04-23,Lower_Florida_Keys_Siderastrea_siderea_6,USA,25.09044,-80.43123,Siderastrea siderea,35.12,36.43,37.79,22220423_USA_Lower Florida Keys_Siderastrea siderea_6_38.6_420,2222-04-23,Caribbean,38.6,420,0.003,No publications available,2026,No doi available
Global_Search_Caribbean,Lower Florida Keys,2222-04-23,Lower_Florida_Keys_Siderastrea_siderea_7,USA,25.09044,-80.43123,Siderastrea siderea,35.21,36.36,37.54,22220423_USA_Lower Florida Keys_Siderastrea siderea_7_38.6_420,2222-04-23,Caribbean,38.6,420,0.0,No publications available,2026,No doi available
Global_Search_Caribbean,Lower Florida Keys,2222-04-23,Lower_Florida_Keys_Siderastrea_siderea_8,USA,25.09044,-80.43123,Siderastrea siderea,35.37,36.93,38.57,22220423_USA_Lower Florida Keys_Siderastrea siderea_8_38.6_420,2222-04-23,Caribbean,38.6,420,0.025,No publications available,2026,No doi available
Global_Search_Caribbean,Lower Florida Keys,2222-04-23,Lower_Florida_Keys_Siderastrea_siderea_9,USA,25.09044,-80.43123,Siderastrea siderea,35.8,37.38,39.02,22220423_USA_Lower Florida Keys_Siderastrea siderea_9_38.6_420,2222-04-23,Caribbean,38.6,420,0.054,No publications available,2026,No doi available
Global_Search_Caribbean,Lower Florida Keys,2222-04-23,Lower_Florida_Keys_Siderastrea_siderea_10,USA,25.09044,-80.43123,Siderastrea siderea,35.24,37.0,38.85,22220423_USA_Lower Florida Keys_Siderastrea siderea_10_38.6_420,2222-04-23,Caribbean,38.6,420,0.036,No publications available,2026,No doi available
Global_Search_Caribbean,Lower Florida Keys,2222-04-23,Lower_Florida_Keys_Siderastrea_siderea_11,USA,25.09044,-80.43123,Siderastrea siderea,35.01,36.82,38.72,22220423_USA_Lower Florida Keys_Siderastrea siderea_11_38.6_420,2222-04-23,Caribbean,38.6,420,0.033,No publications available,2026,No doi available
Global_Search_Caribbean,Lower Florida Keys,2222-04-23,Lower_Florida_Keys_Siderastrea_siderea_12,USA,25.09044,-80.43123,Siderastrea siderea,35.27,36.44,37.66,22220423_USA_Lower Florida Keys_Siderastrea siderea_12_38.6_420,2222-04-23,Caribbean,38.6,420,0.0,No publications available,2026,No doi available
Global_Search_Caribbean,Lower Florida Keys,2222-04-23,Lower_Florida_Keys_Siderastrea_siderea_1,USA,25.09044,-80.43123,Siderastrea siderea,35.26,36.8,38.4,22220423_USA_Lower Florida Keys_Siderastrea siderea_1_35.6_420,2222-04-23,Caribbean,35.6,420,0.49,No publications available,2026,No doi available
Global_Search_Caribbean,Lower Florida Keys,2222-04-23,Lower_Florida_Keys_Siderastrea_siderea_2,USA,25.09044,-80.43123,Siderastrea siderea,34.28,36.78,39.47,22220423_USA_Lower Florida Keys_Siderastrea siderea_2_35.6_420,2222-04-23,Caribbean,35.6,420,0.322,No publications available,2026,No doi available
Global_Search_Caribbean,Lower Florida Keys,2222-04-23,Lower_Florida_Keys_Siderastrea_siderea_3,USA,25.09044,-80.43123,Siderastrea siderea,36.06,37.52,39.04,22220423_USA_Lower Florida Keys_Siderastrea siderea_3_35.6_420,2222-04-23,Caribbean,35.6,420,0.521,No publications available,2026,No doi available
Global_Search_Caribbean,Lower Florida Keys,2222-04-23,Lower_Florida_Keys_Siderastrea_siderea_4,USA,25.09044,-80.43123,Siderastrea siderea,35.56,37.59,39.73,22220423_USA_Lower Florida Keys_Siderastrea siderea_4_35.6_420,2222-04-23,Caribbean,35.6,420,0.497,No publications available,2026,No doi available
Global_Search_Caribbean,Lower Florida Keys,2222-04-23,Lower_Florida_Keys_Siderastrea_siderea_5,USA,25.09044,-80.43123,Siderastrea siderea,35.34,36.77,38.25,22220423_USA_Lower Florida Keys_Siderastrea siderea_5_35.6_420,2222-04-23,Caribbean,35.6,420,0.455,No publications available,2026,No doi available
Global_Search_Caribbean,Lower Florida Keys,2222-04-23,Lower_Florida_Keys_Siderastrea_siderea_6,USA,25.09044,-80.43123,Siderastrea siderea,35.12,36.43,37.79,22220423_USA_Lower Florida Keys_Siderastrea siderea_6_35.6_420,2222-04-23,Caribbean,35.6,420,0.469,No publications available,2026,No doi available
Global_Search_Caribbean,Lower Florida Keys,2222-04-23,Lower_Florida_Keys_Siderastrea_siderea_7,USA,25.09044,-80.43123,Siderastrea siderea,35.21,36.36,37.54,22220423_USA_Lower Florida Keys_Siderastrea siderea_7_35.6_420,2222-04-23,Caribbean,35.6,420,0.457,No publications available,2026,No doi available
Global_Search_Caribbean,Lower Florida Keys,2222-04-23,Lower_Florida_Keys_Siderastrea_siderea_8,USA,25.09044,-80.43123,Siderastrea siderea,35.37,36.93,38.57,22220423_USA_Lower Florida Keys_Siderastrea siderea_8_35.6_420,2222-04-23,Caribbean,35.6,420,0.47,No publications available,2026,No doi available
Global_Search_Caribbean,Lower Florida Keys,2222-04-23,Lower_Florida_Keys_Siderastrea_siderea_9,USA,25.09044,-80.43123,Siderastrea siderea,35.8,37.38,39.02,22220423_USA_Lower Florida Keys_Siderastrea siderea_9_35.6_420,2222-04-23,Caribbean,35.6,420,0.523,No publications available,2026,No doi available
Global_Search_Caribbean,Lower Florida Keys,2222-04-23,Lower_Florida_Keys_Siderastrea_siderea_10,USA,25.09044,-80.43123,Siderastrea siderea,35.24,37.0,38.85,22220423_USA_Lower Florida Keys_Siderastrea siderea_10_35.6_420,2222-04-23,Caribbean,35.6,420,0.476,No publications available,2026,No doi available
Global_Search_Caribbean,Lower Florida Keys,2222-04-23,Lower_Florida_Keys_Siderastrea_siderea_11,USA,25.09044,-80.43123,Siderastrea siderea,35.01,36.82,38.72,22220423_USA_Lower Florida Keys_Siderastrea siderea_11_35.6_420,2222-04-23,Caribbean,35.6,420,0.499,No publications available,2026,No doi available
Global_Search_Caribbean,Lower Florida Keys,2222-04-23,Lower_Florida_Keys_Siderastrea_siderea_12,USA,25.09044,-80.43123,Siderastrea siderea,35.27,36.44,37.66,22220423_USA_Lower Florida Keys_Siderastrea siderea_12_35.6_420,2222-04-23,Caribbean,35.6,420,0.494,No publications available,2026,No doi available
Global_Search_Caribbean,Lower Florida Keys,2222-04-23,Lower_Florida_Keys_Siderastrea_siderea_1,USA,25.09044,-80.43123,Siderastrea siderea,35.26,36.8,38.4,22220423_USA_Lower Florida Keys_Siderastrea siderea_1_33.6_420,2222-04-23,Caribbean,33.6,420,0.535,No publications available,2026,No doi available
Global_Search_Caribbean,Lower Florida Keys,2222-04-23,Lower_Florida_Keys_Siderastrea_siderea_2,USA,25.09044,-80.43123,Siderastrea siderea,34.28,36.78,39.47,22220423_USA_Lower Florida Keys_Siderastrea siderea_2_33.6_420,2222-04-23,Caribbean,33.6,420,0.383,No publications available,2026,No doi available
Global_Search_Caribbean,Lower Florida Keys,2222-04-23,Lower_Florida_Keys_Siderastrea_siderea_3,USA,25.09044,-80.43123,Siderastrea siderea,36.06,37.52,39.04,22220423_USA_Lower Florida Keys_Siderastrea siderea_3_33.6_420,2222-04-23,Caribbean,33.6,420,0.509,No publications available,2026,No doi available
Global_Search_Caribbean,Lower Florida Keys,2222-04-23,Lower_Florida_Keys_Siderastrea_siderea_4,USA,25.09044,-80.43123,Siderastrea siderea,35.56,37.59,39.73,22220423_USA_Lower Florida Keys_Siderastrea siderea_4_33.6_420,2222-04-23,Caribbean,33.6,420,0.524,No publications available,2026,No doi available
Global_Search_Caribbean,Lower Florida Keys,2222-04-23,Lower_Florida_Keys_Siderastrea_siderea_5,USA,25.09044,-80.43123,Siderastrea siderea,35.34,36.77,38.25,22220423_USA_Lower Florida Keys_Siderastrea siderea_5_33.6_420,2222-04-23,Caribbean,33.6,420,0.467,No publications available,2026,No doi available
Global_Search_Caribbean,Lower Florida Keys,2222-04-23,Lower_Florida_Keys_Siderastrea_siderea_6,USA,25.09044,-80.43123,Siderastrea siderea,35.12,36.43,37.79,22220423_USA_Lower Florida Keys_Siderastrea siderea_6_33.6_420,2222-04-23,Caribbean,33.6,420,0.527,No publications available,2026,No doi available
Global_Search_Caribbean,Lower Florida Keys,2222-04-23,Lower_Florida_Keys_Siderastrea_siderea_7,USA,25.09044,-80.43123,Siderastrea siderea,35.21,36.36,37.54,22220423_USA_Lower Florida Keys_Siderastrea siderea_7_33.6_420,2222-04-23,Caribbean,33.6,420,0.524,No publications available,2026,No doi available
Global_Search_Caribbean,Lower Florida Keys,2222-04-23,Lower_Florida_Keys_Siderastrea_siderea_8,USA,25.09044,-80.43123,Siderastrea siderea,35.37,36.93,38.57,22220423_USA_Lower Florida Keys_Siderastrea siderea_8_33.6_420,2222-04-23,Caribbean,33.6,420,0.539,No publications available,2026,No doi available
Global_Search_Caribbean,Lower Florida Keys,2222-04-23,Lower_Florida_Keys_Siderastrea_siderea_9,USA,25.09044,-80.43123,Siderastrea siderea,35.8,37.38,39.02,22220423_USA_Lower Florida Keys_Siderastrea siderea_9_33.6_420,2222-04-23,Caribbean,33.6,420,0.533,No publications available,2026,No doi available
Global_Search_Caribbean,Lower Florida Keys,2222-04-23,Lower_Florida_Keys_Siderastrea_siderea_10,USA,25.09044,-80.43123,Siderastrea siderea,35.24,37.0,38.85,22220423_USA_Lower Florida Keys_Siderastrea siderea_10_33.6_420,2222-04-23,Caribbean,33.6,420,0.471,No publications available,2026,No doi available
Global_Search_Caribbean,Lower Florida Keys,2222-04-23,Lower_Florida_Keys_Siderastrea_siderea_11,USA,25.09044,-80.43123,Siderastrea siderea,35.01,36.82,38.72,22220423_USA_Lower Florida Keys_Siderastrea siderea_11_33.6_420,2222-04-23,Caribbean,33.6,420,0.552,No publications available,2026,No doi available
Global_Search_Caribbean,Lower Florida Keys,2222-04-23,Lower_Florida_Keys_Siderastrea_siderea_12,USA,25.09044,-80.43123,Siderastrea siderea,35.27,36.44,37.66,22220423_USA_Lower Florida Keys_Siderastrea siderea_12_33.6_420,2222-04-23,Caribbean,33.6,420,0.53,No publications available,2026,No doi available
Global_Search_Caribbean,Lower Florida Keys,2222-04-23,Lower_Florida_Keys_Siderastrea_siderea_1,USA,25.09044,-80.43123,Siderastrea siderea,35.26,36.8,38.4,22220423_USA_Lower Florida Keys_Siderastrea siderea_1_29.6_420,2222-04-23,Caribbean,29.6,420,0.543,No publications available,2026,No doi available
Global_Search_Caribbean,Lower Florida Keys,2222-04-23,Lower_Florida_Keys_Siderastrea_siderea_2,USA,25.09044,-80.43123,Siderastrea siderea,34.28,36.78,39.47,22220423_USA_Lower Florida Keys_Siderastrea siderea_2_29.6_420,2222-04-23,Caribbean,29.6,420,0.409,No publications available,2026,No doi available
Global_Search_Caribbean,Lower Florida Keys,2222-04-23,Lower_Florida_Keys_Siderastrea_siderea_3,USA,25.09044,-80.43123,Siderastrea siderea,36.06,37.52,39.04,22220423_USA_Lower Florida Keys_Siderastrea siderea_3_29.6_420,2222-04-23,Caribbean,29.6,420,0.552,No publications available,2026,No doi available
Global_Search_Caribbean,Lower Florida Keys,2222-04-23,Lower_Florida_Keys_Siderastrea_siderea_4,USA,25.09044,-80.43123,Siderastrea siderea,35.56,37.59,39.73,22220423_USA_Lower Florida Keys_Siderastrea siderea_4_29.6_420,2222-04-23,Caribbean,29.6,420,0.524,No publications available,2026,No doi available
Global_Search_Caribbean,Lower Florida Keys,2222-04-23,Lower_Florida_Keys_Siderastrea_siderea_5,USA,25.09044,-80.43123,Siderastrea siderea,35.34,36.77,38.25,22220423_USA_Lower Florida Keys_Siderastrea siderea_5_29.6_420,2222-04-23,Caribbean,29.6,420,0.523,No publications available,2026,No doi available
Global_Search_Caribbean,Lower Florida Keys,2222-04-23,Lower_Florida_Keys_Siderastrea_siderea_6,USA,25.09044,-80.43123,Siderastrea siderea,35.12,36.43,37.79,22220423_USA_Lower Florida Keys_Siderastrea siderea_6_29.6_420,2222-04-23,Caribbean,29.6,420,0.556,No publications available,2026,No doi available
Global_Search_Caribbean,Lower Florida Keys,2222-04-23,Lower_Florida_Keys_Siderastrea_siderea_7,USA,25.09044,-80.43123,Siderastrea siderea,35.21,36.36,37.54,22220423_USA_Lower Florida Keys_Siderastrea siderea_7_29.6_420,2222-04-23,Caribbean,29.6,420,0.522,No publications available,2026,No doi available
Global_Search_Caribbean,Lower Florida Keys,2222-04-23,Lower_Florida_Keys_Siderastrea_siderea_8,USA,25.09044,-80.43123,Siderastrea siderea,35.37,36.93,38.57,22220423_USA_Lower Florida Keys_Siderastrea siderea_8_29.6_420,2222-04-23,Caribbean,29.6,420,0.481,No publications available,2026,No doi available
Global_Search_Caribbean,Lower Florida Keys,2222-04-23,Lower_Florida_Keys_Siderastrea_siderea_9,USA,25.09044,-80.43123,Siderastrea siderea,35.8,37.38,39.02,22220423_USA_Lower Florida Keys_Siderastrea siderea_9_29.6_420,2222-04-23,Caribbean,29.6,420,0.549,No publications available,2026,No doi available
Global_Search_Caribbean,Lower Florida Keys,2222-04-23,Lower_Florida_Keys_Siderastrea_siderea_10,USA,25.09044,-80.43123,Siderastrea siderea,35.24,37.0,38.85,22220423_USA_Lower Florida Keys_Siderastrea siderea_10_29.6_420,2222-04-23,Caribbean,29.6,420,0.563,No publications available,2026,No doi available
Global_Search_Caribbean,Lower Florida Keys,2222-04-23,Lower_Florida_Keys_Siderastrea_siderea_11,USA,25.09044,-80.43123,Siderastrea siderea,35.01,36.82,38.72,22220423_USA_Lower Florida Keys_Siderastrea siderea_11_29.6_420,2222-04-23,Caribbean,29.6,420,0.58,No publications available,2026,No doi available
Global_Search_Caribbean,Lower Florida Keys,2222-04-23,Lower_Florida_Keys_Siderastrea_siderea_12,USA,25.09044,-80.43123,Siderastrea siderea,35.27,36.44,37.66,22220423_USA_Lower Florida Keys_Siderastrea siderea_12_29.6_420,2222-04-23,Caribbean,29.6,420,0.578,No publications available,2026,No doi available
Global_Search_Caribbean,Lower Florida Keys,2222-04-20,Lower_Florida_Keys_Acropora_palmata_1,USA,25.00843,-80.45875,Acropora palmata,32.34,34.94,37.74,22220420_USA_Lower Florida Keys_Acropora palmata_1_38.6_420,2222-04-20,Caribbean,38.6,420,0.0,No publications available,2026,No doi available
Global_Search_Caribbean,Lower Florida Keys,2222-04-20,Lower_Florida_Keys_Acropora_palmata_2,USA,25.00843,-80.45875,Acropora palmata,32.02,35.04,38.35,22220420_USA_Lower Florida Keys_Acropora palmata_2_38.6_420,2222-04-20,Caribbean,38.6,420,0.0,No publications available,2026,No doi available
Global_Search_Caribbean,Lower Florida Keys,2222-04-20,Lower_Florida_Keys_Acropora_palmata_3,USA,25.00843,-80.45875,Acropora palmata,32.01,35.33,39.01,22220420_USA_Lower Florida Keys_Acropora palmata_3_38.6_420,2222-04-20,Caribbean,38.6,420,0.0,No publications available,2026,No doi available
Global_Search_Caribbean,Lower Florida Keys,2222-04-20,Lower_Florida_Keys_Acropora_palmata_4,USA,25.00843,-80.45875,Acropora palmata,32.5,35.15,38.01,22220420_USA_Lower Florida Keys_Acropora palmata_4_38.6_420,2222-04-20,Caribbean,38.6,420,0.0,No publications available,2026,No doi available
Global_Search_Caribbean,Lower Florida Keys,2222-04-20,Lower_Florida_Keys_Acropora_palmata_5,USA,25.00843,-80.45875,Acropora palmata,32.21,34.64,37.25,22220420_USA_Lower Florida Keys_Acropora palmata_5_38.6_420,2222-04-20,Caribbean,38.6,420,0.0,No publications available,2026,No doi available
Global_Search_Caribbean,Lower Florida Keys,2222-04-20,Lower_Florida_Keys_Acropora_palmata_6,USA,25.00843,-80.45875,Acropora palmata,30.38,34.04,38.15,22220420_USA_Lower Florida Keys_Acropora palmata_6_38.6_420,2222-04-20,Caribbean,38.6,420,0.0,No publications available,2026,No doi available
Global_Search_Caribbean,Lower Florida Keys,2222-04-20,Lower_Florida_Keys_Acropora_palmata_7,USA,25.00843,-80.45875,Acropora palmata,33.57,35.27,37.04,22220420_USA_Lower Florida Keys_Acropora palmata_7_38.6_420,2222-04-20,Caribbean,38.6,420,0.0,No publications available,2026,No doi available
Global_Search_Caribbean,Lower Florida Keys,2222-04-20,Lower_Florida_Keys_Acropora_palmata_8,USA,25.00843,-80.45875,Acropora palmata,32.63,34.54,36.57,22220420_USA_Lower Florida Keys_Acropora palmata_8_38.6_420,2222-04-20,Caribbean,38.6,420,0.0,No publications available,2026,No doi available
Global_Search_Caribbean,Lower Florida Keys,2222-04-20,Lower_Florida_Keys_Acropora_palmata_9,USA,25.00843,-80.45875,Acropora palmata,31.73,33.82,36.05,22220420_USA_Lower Florida Keys_Acropora palmata_9_38.6_420,2222-04-20,Caribbean,38.6,420,0.0,No publications available,2026,No doi available
Global_Search_Caribbean,Lower Florida Keys,2222-04-20,Lower_Florida_Keys_Acropora_palmata_10,USA,25.00843,-80.45875,Acropora palmata,34.97,35.69,36.42,22220420_USA_Lower Florida Keys_Acropora palmata_10_38.6_420,2222-04-20,Caribbean,38.6,420,0.0,No publications available,2026,No doi available
Global_Search_Caribbean,Lower Florida Keys,2222-04-20,Lower_Florida_Keys_Acropora_palmata_11,USA,25.00843,-80.45875,Acropora palmata,30.12,34.26,38.97,22220420_USA_Lower Florida Keys_Acropora palmata_11_38.6_420,2222-04-20,Caribbean,38.6,420,0.0,No publications available,2026,No doi available
Global_Search_Caribbean,Lower Florida Keys,2222-04-20,Lower_Florida_Keys_Acropora_palmata_12,USA,25.00843,-80.45875,Acropora palmata,33.91,35.2,36.54,22220420_USA_Lower Florida Keys_Acropora palmata_12_38.6_420,2222-04-20,Caribbean,38.6,420,0.0,No publications available,2026,No doi available
Global_Search_Caribbean,Lower Florida Keys,2222-04-20,Lower_Florida_Keys_Acropora_palmata_1,USA,25.00843,-80.45875,Acropora palmata,32.34,34.94,37.74,22220420_USA_Lower Florida Keys_Acropora palmata_1_35.6_420,2222-04-20,Caribbean,35.6,420,0.189,No publications available,2026,No doi available
Global_Search_Caribbean,Lower Florida Keys,2222-04-20,Lower_Florida_Keys_Acropora_palmata_2,USA,25.00843,-80.45875,Acropora palmata,32.02,35.04,38.35,22220420_USA_Lower Florida Keys_Acropora palmata_2_35.6_420,2222-04-20,Caribbean,35.6,420,0.204,No publications available,2026,No doi available
Global_Search_Caribbean,Lower Florida Keys,2222-04-20,Lower_Florida_Keys_Acropora_palmata_3,USA,25.00843,-80.45875,Acropora palmata,32.01,35.33,39.01,22220420_USA_Lower Florida Keys_Acropora palmata_3_35.6_420,2222-04-20,Caribbean,35.6,420,0.256,No publications available,2026,No doi available
Global_Search_Caribbean,Lower Florida Keys,2222-04-20,Lower_Florida_Keys_Acropora_palmata_4,USA,25.00843,-80.45875,Acropora palmata,32.5,35.15,38.01,22220420_USA_Lower Florida Keys_Acropora palmata_4_35.6_420,2222-04-20,Caribbean,35.6,420,0.217,No publications available,2026,No doi available
Global_Search_Caribbean,Lower Florida Keys,2222-04-20,Lower_Florida_Keys_Acropora_palmata_5,USA,25.00843,-80.45875,Acropora palmata,32.21,34.64,37.25,22220420_USA_Lower Florida Keys_Acropora palmata_5_35.6_420,2222-04-20,Caribbean,35.6,420,0.144,No publications available,2026,No doi available
Global_Search_Caribbean,Lower Florida Keys,2222-04-20,Lower_Florida_Keys_Acropora_palmata_6,USA,25.00843,-80.45875,Acropora palmata,30.38,34.04,38.15,22220420_USA_Lower Florida Keys_Acropora palmata_6_35.6_420,2222-04-20,Caribbean,35.6,420,0.137,No publications available,2026,No doi available
Global_Search_Caribbean,Lower Florida Keys,2222-04-20,Lower_Florida_Keys_Acropora_palmata_7,USA,25.00843,-80.45875,Acropora palmata,33.57,35.27,37.04,22220420_USA_Lower Florida Keys_Acropora palmata_7_35.6_420,2222-04-20,Caribbean,35.6,420,0.204,No publications available,2026,No doi available
Global_Search_Caribbean,Lower Florida Keys,2222-04-20,Lower_Florida_Keys_Acropora_palmata_8,USA,25.00843,-80.45875,Acropora palmata,32.63,34.54,36.57,22220420_USA_Lower Florida Keys_Acropora palmata_8_35.6_420,2222-04-20,Caribbean,35.6,420,0.092,No publications available,2026,No doi available
Global_Search_Caribbean,Lower Florida Keys,2222-04-20,Lower_Florida_Keys_Acropora_palmata_9,USA,25.00843,-80.45875,Acropora palmata,31.73,33.82,36.05,22220420_USA_Lower Florida Keys_Acropora palmata_9_35.6_420,2222-04-20,Caribbean,35.6,420,0.048,No publications available,2026,No doi available
Global_Search_Caribbean,Lower Florida Keys,2222-04-20,Lower_Florida_Keys_Acropora_palmata_10,USA,25.00843,-80.45875,Acropora palmata,34.97,35.69,36.42,22220420_USA_Lower Florida Keys_Acropora palmata_10_35.6_420,2222-04-20,Caribbean,35.6,420,0.327,No publications available,2026,No doi available
Global_Search_Caribbean,Lower Florida Keys,2222-04-20,Lower_Florida_Keys_Acropora_palmata_11,USA,25.00843,-80.45875,Acropora palmata,30.12,34.26,38.97,22220420_USA_Lower Florida Keys_Acropora palmata_11_35.6_420,2222-04-20,Caribbean,35.6,420,0.201,No publications available,2026,No doi available
Global_Search_Caribbean,Lower Florida Keys,2222-04-20,Lower_Florida_Keys_Acropora_palmata_12,USA,25.00843,-80.45875,Acropora palmata,33.91,35.2,36.54,22220420_USA_Lower Florida Keys_Acropora palmata_12_35.6_420,2222-04-20,Caribbean,35.6,420,0.16,No publications available,2026,No doi available
Global_Search_Caribbean,Lower Florida Keys,2222-04-20,Lower_Florida_Keys_Acropora_palmata_1,USA,25.00843,-80.45875,Acropora palmata,32.34,34.94,37.74,22220420_USA_Lower Florida Keys_Acropora palmata_1_33.6_420,2222-04-20,Caribbean,33.6,420,0.46,No publications available,2026,No doi available
Global_Search_Caribbean,Lower Florida Keys,2222-04-20,Lower_Florida_Keys_Acropora_palmata_2,USA,25.00843,-80.45875,Acropora palmata,32.02,35.04,38.35,22220420_USA_Lower Florida Keys_Acropora palmata_2_33.6_420,2222-04-20,Caribbean,33.6,420,0.409,No publications available,2026,No doi available
Global_Search_Caribbean,Lower Florida Keys,2222-04-20,Lower_Florida_Keys_Acropora_palmata_3,USA,25.00843,-80.45875,Acropora palmata,32.01,35.33,39.01,22220420_USA_Lower Florida Keys_Acropora palmata_3_33.6_420,2222-04-20,Caribbean,33.6,420,0.408,No publications available,2026,No doi available
Global_Search_Caribbean,Lower Florida Keys,2222-04-20,Lower_Florida_Keys_Acropora_palmata_4,USA,25.00843,-80.45875,Acropora palmata,32.5,35.15,38.01,22220420_USA_Lower Florida Keys_Acropora palmata_4_33.6_420,2222-04-20,Caribbean,33.6,420,0.465,No publications available,2026,No doi available
Global_Search_Caribbean,Lower Florida Keys,2222-04-20,Lower_Florida_Keys_Acropora_palmata_5,USA,25.00843,-80.45875,Acropora palmata,32.21,34.64,37.25,22220420_USA_Lower Florida Keys_Acropora palmata_5_33.6_420,2222-04-20,Caribbean,33.6,420,0.446,No publications available,2026,No doi available
Global_Search_Caribbean,Lower Florida Keys,2222-04-20,Lower_Florida_Keys_Acropora_palmata_6,USA,25.00843,-80.45875,Acropora palmata,30.38,34.04,38.15,22220420_USA_Lower Florida Keys_Acropora palmata_6_33.6_420,2222-04-20,Caribbean,33.6,420,0.306,No publications available,2026,No doi available
Global_Search_Caribbean,Lower Florida Keys,2222-04-20,Lower_Florida_Keys_Acropora_palmata_7,USA,25.00843,-80.45875,Acropora palmata,33.57,35.27,37.04,22220420_USA_Lower Florida Keys_Acropora palmata_7_33.6_420,2222-04-20,Caribbean,33.6,420,0.533,No publications available,2026,No doi available
Global_Search_Caribbean,Lower Florida Keys,2222-04-20,Lower_Florida_Keys_Acropora_palmata_8,USA,25.00843,-80.45875,Acropora palmata,32.63,34.54,36.57,22220420_USA_Lower Florida Keys_Acropora palmata_8_33.6_420,2222-04-20,Caribbean,33.6,420,0.425,No publications available,2026,No doi available
Global_Search_Caribbean,Lower Florida Keys,2222-04-20,Lower_Florida_Keys_Acropora_palmata_9,USA,25.00843,-80.45875,Acropora palmata,31.73,33.82,36.05,22220420_USA_Lower Florida Keys_Acropora palmata_9_33.6_420,2222-04-20,Caribbean,33.6,420,0.321,No publications available,2026,No doi available
Global_Search_Caribbean,Lower Florida Keys,2222-04-20,Lower_Florida_Keys_Acropora_palmata_10,USA,25.00843,-80.45875,Acropora palmata,34.97,35.69,36.42,22220420_USA_Lower Florida Keys_Acropora palmata_10_33.6_420,2222-04-20,Caribbean,33.6,420,0.574,No publications available,2026,No doi available
Global_Search_Caribbean,Lower Florida Keys,2222-04-20,Lower_Florida_Keys_Acropora_palmata_11,USA,25.00843,-80.45875,Acropora palmata,30.12,34.26,38.97,22220420_USA_Lower Florida Keys_Acropora palmata_11_33.6_420,2222-04-20,Caribbean,33.6,420,0.35,No publications available,2026,No doi available
Global_Search_Caribbean,Lower Florida Keys,2222-04-20,Lower_Florida_Keys_Acropora_palmata_12,USA,25.00843,-80.45875,Acropora palmata,33.91,35.2,36.54,22220420_USA_Lower Florida Keys_Acropora palmata_12_33.6_420,2222-04-20,Caribbean,33.6,420,0.534,No publications available,2026,No doi available
Global_Search_Caribbean,Lower Florida Keys,2222-04-20,Lower_Florida_Keys_Acropora_palmata_1,USA,25.00843,-80.45875,Acropora palmata,32.34,34.94,37.74,22220420_USA_Lower Florida Keys_Acropora palmata_1_29.6_420,2222-04-20,Caribbean,29.6,420,0.567,No publications available,2026,No doi available
Global_Search_Caribbean,Lower Florida Keys,2222-04-20,Lower_Florida_Keys_Acropora_palmata_2,USA,25.00843,-80.45875,Acropora palmata,32.02,35.04,38.35,22220420_USA_Lower Florida Keys_Acropora palmata_2_29.6_420,2222-04-20,Caribbean,29.6,420,0.524,No publications available,2026,No doi available
Global_Search_Caribbean,Lower Florida Keys,2222-04-20,Lower_Florida_Keys_Acropora_palmata_3,USA,25.00843,-80.45875,Acropora palmata,32.01,35.33,39.01,22220420_USA_Lower Florida Keys_Acropora palmata_3_29.6_420,2222-04-20,Caribbean,29.6,420,0.534,No publications available,2026,No doi available
Global_Search_Caribbean,Lower Florida Keys,2222-04-20,Lower_Florida_Keys_Acropora_palmata_4,USA,25.00843,-80.45875,Acropora palmata,32.5,35.15,38.01,22220420_USA_Lower Florida Keys_Acropora palmata_4_29.6_420,2222-04-20,Caribbean,29.6,420,0.558,No publications available,2026,No doi available
Global_Search_Caribbean,Lower Florida Keys,2222-04-20,Lower_Florida_Keys_Acropora_palmata_5,USA,25.00843,-80.45875,Acropora palmata,32.21,34.64,37.25,22220420_USA_Lower Florida Keys_Acropora palmata_5_29.6_420,2222-04-20,Caribbean,29.6,420,0.576,No publications available,2026,No doi available
Global_Search_Caribbean,Lower Florida Keys,2222-04-20,Lower_Florida_Keys_Acropora_palmata_6,USA,25.00843,-80.45875,Acropora palmata,30.38,34.04,38.15,22220420_USA_Lower Florida Keys_Acropora palmata_6_29.6_420,2222-04-20,Caribbean,29.6,420,0.519,No publications available,2026,No doi available
Global_Search_Caribbean,Lower Florida Keys,2222-04-20,Lower_Florida_Keys_Acropora_palmata_7,USA,25.00843,-80.45875,Acropora palmata,33.57,35.27,37.04,22220420_USA_Lower Florida Keys_Acropora palmata_7_29.6_420,2222-04-20,Caribbean,29.6,420,0.563,No publications available,2026,No doi available
Global_Search_Caribbean,Lower Florida Keys,2222-04-20,Lower_Florida_Keys_Acropora_palmata_8,USA,25.00843,-80.45875,Acropora palmata,32.63,34.54,36.57,22220420_USA_Lower Florida Keys_Acropora palmata_8_29.6_420,2222-04-20,Caribbean,29.6,420,0.527,No publications available,2026,No doi available
Global_Search_Caribbean,Lower Florida Keys,2222-04-20,Lower_Florida_Keys_Acropora_palmata_9,USA,25.00843,-80.45875,Acropora palmata,31.73,33.82,36.05,22220420_USA_Lower Florida Keys_Acropora palmata_9_29.6_420,2222-04-20,Caribbean,29.6,420,0.558,No publications available,2026,No doi available
Global_Search_Caribbean,Lower Florida Keys,2222-04-20,Lower_Florida_Keys_Acropora_palmata_10,USA,25.00843,-80.45875,Acropora palmata,34.97,35.69,36.42,22220420_USA_Lower Florida Keys_Acropora palmata_10_29.6_420,2222-04-20,Caribbean,29.6,420,0.535,No publications available,2026,No doi available
Global_Search_Caribbean,Lower Florida Keys,2222-04-20,Lower_Florida_Keys_Acropora_palmata_11,USA,25.00843,-80.45875,Acropora palmata,30.12,34.26,38.97,22220420_USA_Lower Florida Keys_Acropora palmata_11_29.6_420,2222-04-20,Caribbean,29.6,420,0.58,No publications available,2026,No doi available
Global_Search_Caribbean,Lower Florida Keys,2222-04-20,Lower_Florida_Keys_Acropora_palmata_12,USA,25.00843,-80.45875,Acropora palmata,33.91,35.2,36.54,22220420_USA_Lower Florida Keys_Acropora palmata_12_29.6_420,2222-04-20,Caribbean,29.6,420,0.549,No publications available,2026,No doi available
Global_Search_Caribbean,USVI_Flat,2222-03-16,USVI_Flat_Siderastrea_siderea_1,USA,18.31822,-64.99104,Siderastrea siderea,33.81,35.08,36.39,22220316_USA_USVI_Flat_Siderastrea siderea_1_37.5_420,2222-03-16,Caribbean,37.5,420,0.0,No publications available,2026,No doi available
Global_Search_Caribbean,USVI_Flat,2222-03-16,USVI_Flat_Siderastrea_siderea_2,USA,18.31822,-64.99104,Siderastrea siderea,33.68,35.16,36.7,22220316_USA_USVI_Flat_Siderastrea siderea_2_37.5_420,2222-03-16,Caribbean,37.5,420,0.006,No publications available,2026,No doi available
Global_Search_Caribbean,USVI_Flat,2222-03-16,USVI_Flat_Siderastrea_siderea_3,USA,18.31822,-64.99104,Siderastrea siderea,33.54,35.72,38.03,22220316_USA_USVI_Flat_Siderastrea siderea_3_37.5_420,2222-03-16,Caribbean,37.5,420,0.048,No publications available,2026,No doi available
Global_Search_Caribbean,USVI_Flat,2222-03-16,USVI_Flat_Siderastrea_siderea_4,USA,18.31822,-64.99104,Siderastrea siderea,34.68,35.55,36.44,22220316_USA_USVI_Flat_Siderastrea siderea_4_37.5_420,2222-03-16,Caribbean,37.5,420,0.0,No publications available,2026,No doi available
Global_Search_Caribbean,USVI_Flat,2222-03-16,USVI_Flat_Siderastrea_siderea_5,USA,18.31822,-64.99104,Siderastrea siderea,34.15,34.94,35.74,22220316_USA_USVI_Flat_Siderastrea siderea_5_37.5_420,2222-03-16,Caribbean,37.5,420,0.009,No publications available,2026,No doi available
Global_Search_Caribbean,USVI_Flat,2222-03-16,USVI_Flat_Siderastrea_siderea_6,USA,18.31822,-64.99104,Siderastrea siderea,33.96,34.6,35.25,22220316_USA_USVI_Flat_Siderastrea siderea_6_37.5_420,2222-03-16,Caribbean,37.5,420,0.0,No publications available,2026,No doi available
Global_Search_Caribbean,USVI_Flat,2222-03-16,USVI_Flat_Siderastrea_siderea_7,USA,18.31822,-64.99104,Siderastrea siderea,34.52,35.7,36.92,22220316_USA_USVI_Flat_Siderastrea siderea_7_37.5_420,2222-03-16,Caribbean,37.5,420,0.007,No publications available,2026,No doi available
Global_Search_Caribbean,USVI_Flat,2222-03-16,USVI_Flat_Siderastrea_siderea_8,USA,18.31822,-64.99104,Siderastrea siderea,34.05,35.41,36.83,22220316_USA_USVI_Flat_Siderastrea siderea_8_37.5_420,2222-03-16,Caribbean,37.5,420,0.009,No publications available,2026,No doi available
Global_Search_Caribbean,USVI_Flat,2222-03-16,USVI_Flat_Siderastrea_siderea_9,USA,18.31822,-64.99104,Siderastrea siderea,33.76,35.32,36.95,22220316_USA_USVI_Flat_Siderastrea siderea_9_37.5_420,2222-03-16,Caribbean,37.5,420,0.011,No publications available,2026,No doi available
Global_Search_Caribbean,USVI_Flat,2222-03-16,USVI_Flat_Siderastrea_siderea_10,USA,18.31822,-64.99104,Siderastrea siderea,33.98,35.64,37.37,22220316_USA_USVI_Flat_Siderastrea siderea_10_37.5_420,2222-03-16,Caribbean,37.5,420,0.026,No publications available,2026,No doi available
Global_Search_Caribbean,USVI_Flat,2222-03-16,USVI_Flat_Siderastrea_siderea_11,USA,18.31822,-64.99104,Siderastrea siderea,34.77,35.61,36.48,22220316_USA_USVI_Flat_Siderastrea siderea_11_37.5_420,2222-03-16,Caribbean,37.5,420,0.0,No publications available,2026,No doi available
Global_Search_Caribbean,USVI_Flat,2222-03-16,USVI_Flat_Siderastrea_siderea_1,USA,18.31822,-64.99104,Siderastrea siderea,33.81,35.08,36.39,22220316_USA_USVI_Flat_Siderastrea siderea_1_34.5_420,2222-03-16,Caribbean,34.5,420,0.394,No publications available,2026,No doi available
Global_Search_Caribbean,USVI_Flat,2222-03-16,USVI_Flat_Siderastrea_siderea_2,USA,18.31822,-64.99104,Siderastrea siderea,33.68,35.16,36.7,22220316_USA_USVI_Flat_Siderastrea siderea_2_34.5_420,2222-03-16,Caribbean,34.5,420,0.43,No publications available,2026,No doi available
Global_Search_Caribbean,USVI_Flat,2222-03-16,USVI_Flat_Siderastrea_siderea_3,USA,18.31822,-64.99104,Siderastrea siderea,33.54,35.72,38.03,22220316_USA_USVI_Flat_Siderastrea siderea_3_34.5_420,2222-03-16,Caribbean,34.5,420,0.447,No publications available,2026,No doi available
Global_Search_Caribbean,USVI_Flat,2222-03-16,USVI_Flat_Siderastrea_siderea_4,USA,18.31822,-64.99104,Siderastrea siderea,34.68,35.55,36.44,22220316_USA_USVI_Flat_Siderastrea siderea_4_34.5_420,2222-03-16,Caribbean,34.5,420,0.484,No publications available,2026,No doi available
Global_Search_Caribbean,USVI_Flat,2222-03-16,USVI_Flat_Siderastrea_siderea_5,USA,18.31822,-64.99104,Siderastrea siderea,34.15,34.94,35.74,22220316_USA_USVI_Flat_Siderastrea siderea_5_34.5_420,2222-03-16,Caribbean,34.5,420,0.44,No publications available,2026,No doi available
Global_Search_Caribbean,USVI_Flat,2222-03-16,USVI_Flat_Siderastrea_siderea_6,USA,18.31822,-64.99104,Siderastrea siderea,33.96,34.6,35.25,22220316_USA_USVI_Flat_Siderastrea siderea_6_34.5_420,2222-03-16,Caribbean,34.5,420,0.287,No publications available,2026,No doi available
Global_Search_Caribbean,USVI_Flat,2222-03-16,USVI_Flat_Siderastrea_siderea_7,USA,18.31822,-64.99104,Siderastrea siderea,34.52,35.7,36.92,22220316_USA_USVI_Flat_Siderastrea siderea_7_34.5_420,2222-03-16,Caribbean,34.5,420,0.497,No publications available,2026,No doi available
Global_Search_Caribbean,USVI_Flat,2222-03-16,USVI_Flat_Siderastrea_siderea_8,USA,18.31822,-64.99104,Siderastrea siderea,34.05,35.41,36.83,22220316_USA_USVI_Flat_Siderastrea siderea_8_34.5_420,2222-03-16,Caribbean,34.5,420,0.526,No publications available,2026,No doi available
Global_Search_Caribbean,USVI_Flat,2222-03-16,USVI_Flat_Siderastrea_siderea_9,USA,18.31822,-64.99104,Siderastrea siderea,33.76,35.32,36.95,22220316_USA_USVI_Flat_Siderastrea siderea_9_34.5_420,2222-03-16,Caribbean,34.5,420,0.477,No publications available,2026,No doi available
Global_Search_Caribbean,USVI_Flat,2222-03-16,USVI_Flat_Siderastrea_siderea_10,USA,18.31822,-64.99104,Siderastrea siderea,33.98,35.64,37.37,22220316_USA_USVI_Flat_Siderastrea siderea_10_34.5_420,2222-03-16,Caribbean,34.5,420,0.514,No publications available,2026,No doi available
Global_Search_Caribbean,USVI_Flat,2222-03-16,USVI_Flat_Siderastrea_siderea_11,USA,18.31822,-64.99104,Siderastrea siderea,34.77,35.61,36.48,22220316_USA_USVI_Flat_Siderastrea siderea_11_34.5_420,2222-03-16,Caribbean,34.5,420,0.492,No publications available,2026,No doi available
Global_Search_Caribbean,USVI_Flat,2222-03-16,USVI_Flat_Siderastrea_siderea_1,USA,18.31822,-64.99104,Siderastrea siderea,33.81,35.08,36.39,22220316_USA_USVI_Flat_Siderastrea siderea_1_32.5_420,2222-03-16,Caribbean,32.5,420,0.497,No publications available,2026,No doi available
Global_Search_Caribbean,USVI_Flat,2222-03-16,USVI_Flat_Siderastrea_siderea_2,USA,18.31822,-64.99104,Siderastrea siderea,33.68,35.16,36.7,22220316_USA_USVI_Flat_Siderastrea siderea_2_32.5_420,2222-03-16,Caribbean,32.5,420,0.541,No publications available,2026,No doi available
Global_Search_Caribbean,USVI_Flat,2222-03-16,USVI_Flat_Siderastrea_siderea_3,USA,18.31822,-64.99104,Siderastrea siderea,33.54,35.72,38.03,22220316_USA_USVI_Flat_Siderastrea siderea_3_32.5_420,2222-03-16,Caribbean,32.5,420,0.514,No publications available,2026,No doi available
Global_Search_Caribbean,USVI_Flat,2222-03-16,USVI_Flat_Siderastrea_siderea_4,USA,18.31822,-64.99104,Siderastrea siderea,34.68,35.55,36.44,22220316_USA_USVI_Flat_Siderastrea siderea_4_32.5_420,2222-03-16,Caribbean,32.5,420,0.493,No publications available,2026,No doi available
Global_Search_Caribbean,USVI_Flat,2222-03-16,USVI_Flat_Siderastrea_siderea_5,USA,18.31822,-64.99104,Siderastrea siderea,34.15,34.94,35.74,22220316_USA_USVI_Flat_Siderastrea siderea_5_32.5_420,2222-03-16,Caribbean,32.5,420,0.539,No publications available,2026,No doi available
Global_Search_Caribbean,USVI_Flat,2222-03-16,USVI_Flat_Siderastrea_siderea_6,USA,18.31822,-64.99104,Siderastrea siderea,33.96,34.6,35.25,22220316_USA_USVI_Flat_Siderastrea siderea_6_32.5_420,2222-03-16,Caribbean,32.5,420,0.542,No publications available,2026,No doi available
Global_Search_Caribbean,USVI_Flat,2222-03-16,USVI_Flat_Siderastrea_siderea_7,USA,18.31822,-64.99104,Siderastrea siderea,34.52,35.7,36.92,22220316_USA_USVI_Flat_Siderastrea siderea_7_32.5_420,2222-03-16,Caribbean,32.5,420,0.527,No publications available,2026,No doi available
Global_Search_Caribbean,USVI_Flat,2222-03-16,USVI_Flat_Siderastrea_siderea_8,USA,18.31822,-64.99104,Siderastrea siderea,34.05,35.41,36.83,22220316_USA_USVI_Flat_Siderastrea siderea_8_32.5_420,2222-03-16,Caribbean,32.5,420,0.614,No publications available,2026,No doi available
Global_Search_Caribbean,USVI_Flat,2222-03-16,USVI_Flat_Siderastrea_siderea_9,USA,18.31822,-64.99104,Siderastrea siderea,33.76,35.32,36.95,22220316_USA_USVI_Flat_Siderastrea siderea_9_32.5_420,2222-03-16,Caribbean,32.5,420,0.576,No publications available,2026,No doi available
Global_Search_Caribbean,USVI_Flat,2222-03-16,USVI_Flat_Siderastrea_siderea_10,USA,18.31822,-64.99104,Siderastrea siderea,33.98,35.64,37.37,22220316_USA_USVI_Flat_Siderastrea siderea_10_32.5_420,2222-03-16,Caribbean,32.5,420,0.618,No publications available,2026,No doi available
Global_Search_Caribbean,USVI_Flat,2222-03-16,USVI_Flat_Siderastrea_siderea_11,USA,18.31822,-64.99104,Siderastrea siderea,34.77,35.61,36.48,22220316_USA_USVI_Flat_Siderastrea siderea_11_32.5_420,2222-03-16,Caribbean,32.5,420,0.566,No publications available,2026,No doi available
Global_Search_Caribbean,USVI_Flat,2222-03-16,USVI_Flat_Siderastrea_siderea_1,USA,18.31822,-64.99104,Siderastrea siderea,33.81,35.08,36.39,22220316_USA_USVI_Flat_Siderastrea siderea_1_28.5_420,2222-03-16,Caribbean,28.5,420,0.499,No publications available,2026,No doi available
Global_Search_Caribbean,USVI_Flat,2222-03-16,USVI_Flat_Siderastrea_siderea_2,USA,18.31822,-64.99104,Siderastrea siderea,33.68,35.16,36.7,22220316_USA_USVI_Flat_Siderastrea siderea_2_28.5_420,2222-03-16,Caribbean,28.5,420,0.551,No publications available,2026,No doi available
Global_Search_Caribbean,USVI_Flat,2222-03-16,USVI_Flat_Siderastrea_siderea_3,USA,18.31822,-64.99104,Siderastrea siderea,33.54,35.72,38.03,22220316_USA_USVI_Flat_Siderastrea siderea_3_28.5_420,2222-03-16,Caribbean,28.5,420,0.544,No publications available,2026,No doi available
Global_Search_Caribbean,USVI_Flat,2222-03-16,USVI_Flat_Siderastrea_siderea_4,USA,18.31822,-64.99104,Siderastrea siderea,34.68,35.55,36.44,22220316_USA_USVI_Flat_Siderastrea siderea_4_28.5_420,2222-03-16,Caribbean,28.5,420,0.503,No publications available,2026,No doi available
Global_Search_Caribbean,USVI_Flat,2222-03-16,USVI_Flat_Siderastrea_siderea_5,USA,18.31822,-64.99104,Siderastrea siderea,34.15,34.94,35.74,22220316_USA_USVI_Flat_Siderastrea siderea_5_28.5_420,2222-03-16,Caribbean,28.5,420,0.514,No publications available,2026,No doi available
Global_Search_Caribbean,USVI_Flat,2222-03-16,USVI_Flat_Siderastrea_siderea_6,USA,18.31822,-64.99104,Siderastrea siderea,33.96,34.6,35.25,22220316_USA_USVI_Flat_Siderastrea siderea_6_28.5_420,2222-03-16,Caribbean,28.5,420,0.399,No publications available,2026,No doi available
Global_Search_Caribbean,USVI_Flat,2222-03-16,USVI_Flat_Siderastrea_siderea_7,USA,18.31822,-64.99104,Siderastrea siderea,34.52,35.7,36.92,22220316_USA_USVI_Flat_Siderastrea siderea_7_28.5_420,2222-03-16,Caribbean,28.5,420,0.517,No publications available,2026,No doi available
Global_Search_Caribbean,USVI_Flat,2222-03-16,USVI_Flat_Siderastrea_siderea_8,USA,18.31822,-64.99104,Siderastrea siderea,34.05,35.41,36.83,22220316_USA_USVI_Flat_Siderastrea siderea_8_28.5_420,2222-03-16,Caribbean,28.5,420,0.587,No publications available,2026,No doi available
Global_Search_Caribbean,USVI_Flat,2222-03-16,USVI_Flat_Siderastrea_siderea_9,USA,18.31822,-64.99104,Siderastrea siderea,33.76,35.32,36.95,22220316_USA_USVI_Flat_Siderastrea siderea_9_28.5_420,2222-03-16,Caribbean,28.5,420,0.581,No publications available,2026,No doi available
Global_Search_Caribbean,USVI_Flat,2222-03-16,USVI_Flat_Siderastrea_siderea_10,USA,18.31822,-64.99104,Siderastrea siderea,33.98,35.64,37.37,22220316_USA_USVI_Flat_Siderastrea siderea_10_28.5_420,2222-03-16,Caribbean,28.5,420,0.552,No publications available,2026,No doi available
Global_Search_Caribbean,USVI_Flat,2222-03-16,USVI_Flat_Siderastrea_siderea_11,USA,18.31822,-64.99104,Siderastrea siderea,34.77,35.61,36.48,22220316_USA_USVI_Flat_Siderastrea siderea_11_28.5_420,2222-03-16,Caribbean,28.5,420,0.438,No publications available,2026,No doi available
Global_Search_Caribbean,USVI_Flat,2222-03-15,USVI_Flat_Porites_astreoides_1,USA,18.31822,-64.99104,Porites astreoides,30.97,35.2,40.01,22220315_USA_USVI_Flat_Porites astreoides_1_37.5_420,2222-03-15,Caribbean,37.5,420,0.099,No publications available,2026,No doi available
Global_Search_Caribbean,USVI_Flat,2222-03-15,USVI_Flat_Porites_astreoides_2,USA,18.31822,-64.99104,Porites astreoides,29.84,34.74,40.44,22220315_USA_USVI_Flat_Porites astreoides_2_37.5_420,2222-03-15,Caribbean,37.5,420,0.12,No publications available,2026,No doi available
Global_Search_Caribbean,USVI_Flat,2222-03-15,USVI_Flat_Porites_astreoides_3,USA,18.31822,-64.99104,Porites astreoides,33.69,34.4,35.13,22220315_USA_USVI_Flat_Porites astreoides_3_37.5_420,2222-03-15,Caribbean,37.5,420,0.0,No publications available,2026,No doi available
Global_Search_Caribbean,USVI_Flat,2222-03-15,USVI_Flat_Porites_astreoides_4,USA,18.31822,-64.99104,Porites astreoides,33.49,35.19,36.97,22220315_USA_USVI_Flat_Porites astreoides_4_37.5_420,2222-03-15,Caribbean,37.5,420,0.0,No publications available,2026,No doi available
Global_Search_Caribbean,USVI_Flat,2222-03-15,USVI_Flat_Porites_astreoides_5,USA,18.31822,-64.99104,Porites astreoides,25.14,33.14,43.7,22220315_USA_USVI_Flat_Porites astreoides_5_37.5_420,2222-03-15,Caribbean,37.5,420,0.125,No publications available,2026,No doi available
Global_Search_Caribbean,USVI_Flat,2222-03-15,USVI_Flat_Porites_astreoides_6,USA,18.31822,-64.99104,Porites astreoides,31.98,34.49,37.19,22220315_USA_USVI_Flat_Porites astreoides_6_37.5_420,2222-03-15,Caribbean,37.5,420,0.0,No publications available,2026,No doi available
Global_Search_Caribbean,USVI_Flat,2222-03-15,USVI_Flat_Porites_astreoides_7,USA,18.31822,-64.99104,Porites astreoides,30.54,34.74,39.52,22220315_USA_USVI_Flat_Porites astreoides_7_37.5_420,2222-03-15,Caribbean,37.5,420,0.125,No publications available,2026,No doi available
Global_Search_Caribbean,USVI_Flat,2222-03-15,USVI_Flat_Porites_astreoides_8,USA,18.31822,-64.99104,Porites astreoides,33.83,35.46,37.18,22220315_USA_USVI_Flat_Porites astreoides_8_37.5_420,2222-03-15,Caribbean,37.5,420,0.014,No publications available,2026,No doi available
Global_Search_Caribbean,USVI_Flat,2222-03-15,USVI_Flat_Porites_astreoides_9,USA,18.31822,-64.99104,Porites astreoides,33.77,34.85,35.97,22220315_USA_USVI_Flat_Porites astreoides_9_37.5_420,2222-03-15,Caribbean,37.5,420,0.0,No publications available,2026,No doi available
Global_Search_Caribbean,USVI_Flat,2222-03-15,USVI_Flat_Porites_astreoides_10,USA,18.31822,-64.99104,Porites astreoides,32.43,34.21,36.08,22220315_USA_USVI_Flat_Porites astreoides_10_37.5_420,2222-03-15,Caribbean,37.5,420,0.0,No publications available,2026,No doi available
Global_Search_Caribbean,USVI_Flat,2222-03-15,USVI_Flat_Porites_astreoides_11,USA,18.31822,-64.99104,Porites astreoides,33.26,34.82,36.45,22220315_USA_USVI_Flat_Porites astreoides_11_37.5_420,2222-03-15,Caribbean,37.5,420,0.0,No publications available,2026,No doi available
Global_Search_Caribbean,USVI_Flat,2222-03-15,USVI_Flat_Porites_astreoides_12,USA,18.31822,-64.99104,Porites astreoides,33.17,34.44,35.75,22220315_USA_USVI_Flat_Porites astreoides_12_37.5_420,2222-03-15,Caribbean,37.5,420,0.0,No publications available,2026,No doi available
Global_Search_Caribbean,USVI_Flat,2222-03-15,USVI_Flat_Porites_astreoides_1,USA,18.31822,-64.99104,Porites astreoides,30.97,35.2,40.01,22220315_USA_USVI_Flat_Porites astreoides_1_34.5_420,2222-03-15,Caribbean,34.5,420,0.371,No publications available,2026,No doi available
Global_Search_Caribbean,USVI_Flat,2222-03-15,USVI_Flat_Porites_astreoides_2,USA,18.31822,-64.99104,Porites astreoides,29.84,34.74,40.44,22220315_USA_USVI_Flat_Porites astreoides_2_34.5_420,2222-03-15,Caribbean,34.5,420,0.303,No publications available,2026,No doi available
Global_Search_Caribbean,USVI_Flat,2222-03-15,USVI_Flat_Porites_astreoides_3,USA,18.31822,-64.99104,Porites astreoides,33.69,34.4,35.13,22220315_USA_USVI_Flat_Porites astreoides_3_34.5_420,2222-03-15,Caribbean,34.5,420,0.194,No publications available,2026,No doi available
Global_Search_Caribbean,USVI_Flat,2222-03-15,USVI_Flat_Porites_astreoides_4,USA,18.31822,-64.99104,Porites astreoides,33.49,35.19,36.97,22220315_USA_USVI_Flat_Porites astreoides_4_34.5_420,2222-03-15,Caribbean,34.5,420,0.367,No publications available,2026,No doi available
Global_Search_Caribbean,USVI_Flat,2222-03-15,USVI_Flat_Porites_astreoides_5,USA,18.31822,-64.99104,Porites astreoides,25.14,33.14,43.7,22220315_USA_USVI_Flat_Porites astreoides_5_34.5_420,2222-03-15,Caribbean,34.5,420,0.28,No publications available,2026,No doi available
Global_Search_Caribbean,USVI_Flat,2222-03-15,USVI_Flat_Porites_astreoides_6,USA,18.31822,-64.99104,Porites astreoides,31.98,34.49,37.19,22220315_USA_USVI_Flat_Porites astreoides_6_34.5_420,2222-03-15,Caribbean,34.5,420,0.272,No publications available,2026,No doi available
Global_Search_Caribbean,USVI_Flat,2222-03-15,USVI_Flat_Porites_astreoides_7,USA,18.31822,-64.99104,Porites astreoides,30.54,34.74,39.52,22220315_USA_USVI_Flat_Porites astreoides_7_34.5_420,2222-03-15,Caribbean,34.5,420,0.238,No publications available,2026,No doi available
Global_Search_Caribbean,USVI_Flat,2222-03-15,USVI_Flat_Porites_astreoides_8,USA,18.31822,-64.99104,Porites astreoides,33.83,35.46,37.18,22220315_USA_USVI_Flat_Porites astreoides_8_34.5_420,2222-03-15,Caribbean,34.5,420,0.447,No publications available,2026,No doi available
Global_Search_Caribbean,USVI_Flat,2222-03-15,USVI_Flat_Porites_astreoides_9,USA,18.31822,-64.99104,Porites astreoides,33.77,34.85,35.97,22220315_USA_USVI_Flat_Porites astreoides_9_34.5_420,2222-03-15,Caribbean,34.5,420,0.391,No publications available,2026,No doi available
Global_Search_Caribbean,USVI_Flat,2222-03-15,USVI_Flat_Porites_astreoides_10,USA,18.31822,-64.99104,Porites astreoides,32.43,34.21,36.08,22220315_USA_USVI_Flat_Porites astreoides_10_34.5_420,2222-03-15,Caribbean,34.5,420,0.221,No publications available,2026,No doi available
Global_Search_Caribbean,USVI_Flat,2222-03-15,USVI_Flat_Porites_astreoides_11,USA,18.31822,-64.99104,Porites astreoides,33.26,34.82,36.45,22220315_USA_USVI_Flat_Porites astreoides_11_34.5_420,2222-03-15,Caribbean,34.5,420,0.357,No publications available,2026,No doi available
Global_Search_Caribbean,USVI_Flat,2222-03-15,USVI_Flat_Porites_astreoides_12,USA,18.31822,-64.99104,Porites astreoides,33.17,34.44,35.75,22220315_USA_USVI_Flat_Porites astreoides_12_34.5_420,2222-03-15,Caribbean,34.5,420,0.261,No publications available,2026,No doi available
Global_Search_Caribbean,USVI_Flat,2222-03-15,USVI_Flat_Porites_astreoides_1,USA,18.31822,-64.99104,Porites astreoides,30.97,35.2,40.01,22220315_USA_USVI_Flat_Porites astreoides_1_32.5_420,2222-03-15,Caribbean,32.5,420,0.477,No publications available,2026,No doi available
Global_Search_Caribbean,USVI_Flat,2222-03-15,USVI_Flat_Porites_astreoides_2,USA,18.31822,-64.99104,Porites astreoides,29.84,34.74,40.44,22220315_USA_USVI_Flat_Porites astreoides_2_32.5_420,2222-03-15,Caribbean,32.5,420,0.481,No publications available,2026,No doi available
Global_Search_Caribbean,USVI_Flat,2222-03-15,USVI_Flat_Porites_astreoides_3,USA,18.31822,-64.99104,Porites astreoides,33.69,34.4,35.13,22220315_USA_USVI_Flat_Porites astreoides_3_32.5_420,2222-03-15,Caribbean,32.5,420,0.496,No publications available,2026,No doi available
Global_Search_Caribbean,USVI_Flat,2222-03-15,USVI_Flat_Porites_astreoides_4,USA,18.31822,-64.99104,Porites astreoides,33.49,35.19,36.97,22220315_USA_USVI_Flat_Porites astreoides_4_32.5_420,2222-03-15,Caribbean,32.5,420,0.435,No publications available,2026,No doi available
Global_Search_Caribbean,USVI_Flat,2222-03-15,USVI_Flat_Porites_astreoides_5,USA,18.31822,-64.99104,Porites astreoides,25.14,33.14,43.7,22220315_USA_USVI_Flat_Porites astreoides_5_32.5_420,2222-03-15,Caribbean,32.5,420,0.342,No publications available,2026,No doi available
Global_Search_Caribbean,USVI_Flat,2222-03-15,USVI_Flat_Porites_astreoides_6,USA,18.31822,-64.99104,Porites astreoides,31.98,34.49,37.19,22220315_USA_USVI_Flat_Porites astreoides_6_32.5_420,2222-03-15,Caribbean,32.5,420,0.474,No publications available,2026,No doi available
Global_Search_Caribbean,USVI_Flat,2222-03-15,USVI_Flat_Porites_astreoides_7,USA,18.31822,-64.99104,Porites astreoides,30.54,34.74,39.52,22220315_USA_USVI_Flat_Porites astreoides_7_32.5_420,2222-03-15,Caribbean,32.5,420,0.506,No publications available,2026,No doi available
Global_Search_Caribbean,USVI_Flat,2222-03-15,USVI_Flat_Porites_astreoides_8,USA,18.31822,-64.99104,Porites astreoides,33.83,35.46,37.18,22220315_USA_USVI_Flat_Porites astreoides_8_32.5_420,2222-03-15,Caribbean,32.5,420,0.511,No publications available,2026,No doi available
Global_Search_Caribbean,USVI_Flat,2222-03-15,USVI_Flat_Porites_astreoides_9,USA,18.31822,-64.99104,Porites astreoides,33.77,34.85,35.97,22220315_USA_USVI_Flat_Porites astreoides_9_32.5_420,2222-03-15,Caribbean,32.5,420,0.547,No publications available,2026,No doi available
Global_Search_Caribbean,USVI_Flat,2222-03-15,USVI_Flat_Porites_astreoides_10,USA,18.31822,-64.99104,Porites astreoides,32.43,34.21,36.08,22220315_USA_USVI_Flat_Porites astreoides_10_32.5_420,2222-03-15,Caribbean,32.5,420,0.542,No publications available,2026,No doi available
Global_Search_Caribbean,USVI_Flat,2222-03-15,USVI_Flat_Porites_astreoides_11,USA,18.31822,-64.99104,Porites astreoides,33.26,34.82,36.45,22220315_USA_USVI_Flat_Porites astreoides_11_32.5_420,2222-03-15,Caribbean,32.5,420,0.543,No publications available,2026,No doi available
Global_Search_Caribbean,USVI_Flat,2222-03-15,USVI_Flat_Porites_astreoides_12,USA,18.31822,-64.99104,Porites astreoides,33.17,34.44,35.75,22220315_USA_USVI_Flat_Porites astreoides_12_32.5_420,2222-03-15,Caribbean,32.5,420,0.556,No publications available,2026,No doi available
Global_Search_Caribbean,USVI_Flat,2222-03-15,USVI_Flat_Porites_astreoides_1,USA,18.31822,-64.99104,Porites astreoides,30.97,35.2,40.01,22220315_USA_USVI_Flat_Porites astreoides_1_28.5_420,2222-03-15,Caribbean,28.5,420,0.582,No publications available,2026,No doi available
Global_Search_Caribbean,USVI_Flat,2222-03-15,USVI_Flat_Porites_astreoides_2,USA,18.31822,-64.99104,Porites astreoides,29.84,34.74,40.44,22220315_USA_USVI_Flat_Porites astreoides_2_28.5_420,2222-03-15,Caribbean,28.5,420,0.578,No publications available,2026,No doi available
Global_Search_Caribbean,USVI_Flat,2222-03-15,USVI_Flat_Porites_astreoides_3,USA,18.31822,-64.99104,Porites astreoides,33.69,34.4,35.13,22220315_USA_USVI_Flat_Porites astreoides_3_28.5_420,2222-03-15,Caribbean,28.5,420,0.469,No publications available,2026,No doi available
Global_Search_Caribbean,USVI_Flat,2222-03-15,USVI_Flat_Porites_astreoides_4,USA,18.31822,-64.99104,Porites astreoides,33.49,35.19,36.97,22220315_USA_USVI_Flat_Porites astreoides_4_28.5_420,2222-03-15,Caribbean,28.5,420,0.51,No publications available,2026,No doi available
Global_Search_Caribbean,USVI_Flat,2222-03-15,USVI_Flat_Porites_astreoides_5,USA,18.31822,-64.99104,Porites astreoides,25.14,33.14,43.7,22220315_USA_USVI_Flat_Porites astreoides_5_28.5_420,2222-03-15,Caribbean,28.5,420,0.543,No publications available,2026,No doi available
Global_Search_Caribbean,USVI_Flat,2222-03-15,USVI_Flat_Porites_astreoides_6,USA,18.31822,-64.99104,Porites astreoides,31.98,34.49,37.19,22220315_USA_USVI_Flat_Porites astreoides_6_28.5_420,2222-03-15,Caribbean,28.5,420,0.542,No publications available,2026,No doi available
Global_Search_Caribbean,USVI_Flat,2222-03-15,USVI_Flat_Porites_astreoides_7,USA,18.31822,-64.99104,Porites astreoides,30.54,34.74,39.52,22220315_USA_USVI_Flat_Porites astreoides_7_28.5_420,2222-03-15,Caribbean,28.5,420,0.514,No publications available,2026,No doi available
Global_Search_Caribbean,USVI_Flat,2222-03-15,USVI_Flat_Porites_astreoides_8,USA,18.31822,-64.99104,Porites astreoides,33.83,35.46,37.18,22220315_USA_USVI_Flat_Porites astreoides_8_28.5_420,2222-03-15,Caribbean,28.5,420,0.539,No publications available,2026,No doi available
Global_Search_Caribbean,USVI_Flat,2222-03-15,USVI_Flat_Porites_astreoides_9,USA,18.31822,-64.99104,Porites astreoides,33.77,34.85,35.97,22220315_USA_USVI_Flat_Porites astreoides_9_28.5_420,2222-03-15,Caribbean,28.5,420,0.538,No publications available,2026,No doi available
Global_Search_Caribbean,USVI_Flat,2222-03-15,USVI_Flat_Porites_astreoides_10,USA,18.31822,-64.99104,Porites astreoides,32.43,34.21,36.08,22220315_USA_USVI_Flat_Porites astreoides_10_28.5_420,2222-03-15,Caribbean,28.5,420,0.575,No publications available,2026,No doi available
Global_Search_Caribbean,USVI_Flat,2222-03-15,USVI_Flat_Porites_astreoides_11,USA,18.31822,-64.99104,Porites astreoides,33.26,34.82,36.45,22220315_USA_USVI_Flat_Porites astreoides_11_28.5_420,2222-03-15,Caribbean,28.5,420,0.558,No publications available,2026,No doi available
Global_Search_Caribbean,USVI_Flat,2222-03-15,USVI_Flat_Porites_astreoides_12,USA,18.31822,-64.99104,Porites astreoides,33.17,34.44,35.75,22220315_USA_USVI_Flat_Porites astreoides_12_28.5_420,2222-03-15,Caribbean,28.5,420,0.562,No publications available,2026,No doi available
Global_Search_Caribbean,USVI_Flat,2222-03-12,USVI_Flat_Orbicella_faveolata_1,USA,18.31822,-64.99104,Orbicella faveolata,31.81,33.9,36.11,22220312_USA_USVI_Flat_Orbicella faveolata_1_37.5_420,2222-03-12,Caribbean,37.5,420,0.15,No publications available,2026,No doi available
Global_Search_Caribbean,USVI_Flat,2222-03-12,USVI_Flat_Orbicella_faveolata_2,USA,18.31822,-64.99104,Orbicella faveolata,29.8,33.44,37.52,22220312_USA_USVI_Flat_Orbicella faveolata_2_37.5_420,2222-03-12,Caribbean,37.5,420,0.005,No publications available,2026,No doi available
Global_Search_Caribbean,USVI_Flat,2222-03-12,USVI_Flat_Orbicella_faveolata_3,USA,18.31822,-64.99104,Orbicella faveolata,28.69,33.32,38.69,22220312_USA_USVI_Flat_Orbicella faveolata_3_37.5_420,2222-03-12,Caribbean,37.5,420,0.0,No publications available,2026,No doi available
Global_Search_Caribbean,USVI_Flat,2222-03-12,USVI_Flat_Orbicella_faveolata_4,USA,18.31822,-64.99104,Orbicella faveolata,32.67,35.11,37.73,22220312_USA_USVI_Flat_Orbicella faveolata_4_37.5_420,2222-03-12,Caribbean,37.5,420,0.0,No publications available,2026,No doi available
Global_Search_Caribbean,USVI_Flat,2222-03-12,USVI_Flat_Orbicella_faveolata_5,USA,18.31822,-64.99104,Orbicella faveolata,30.75,33.77,37.08,22220312_USA_USVI_Flat_Orbicella faveolata_5_37.5_420,2222-03-12,Caribbean,37.5,420,0.012,No publications available,2026,No doi available
Global_Search_Caribbean,USVI_Flat,2222-03-12,USVI_Flat_Orbicella_faveolata_6,USA,18.31822,-64.99104,Orbicella faveolata,32.76,35.21,37.84,22220312_USA_USVI_Flat_Orbicella faveolata_6_37.5_420,2222-03-12,Caribbean,37.5,420,0.03,No publications available,2026,No doi available
Global_Search_Caribbean,USVI_Flat,2222-03-12,USVI_Flat_Orbicella_faveolata_7,USA,18.31822,-64.99104,Orbicella faveolata,31.32,34.53,38.06,22220312_USA_USVI_Flat_Orbicella faveolata_7_37.5_420,2222-03-12,Caribbean,37.5,420,0.029,No publications available,2026,No doi available
Global_Search_Caribbean,USVI_Flat,2222-03-12,USVI_Flat_Orbicella_faveolata_8,USA,18.31822,-64.99104,Orbicella faveolata,31.49,35.95,41.04,22220312_USA_USVI_Flat_Orbicella faveolata_8_37.5_420,2222-03-12,Caribbean,37.5,420,0.143,No publications available,2026,No doi available
Global_Search_Caribbean,USVI_Flat,2222-03-12,USVI_Flat_Orbicella_faveolata_9,USA,18.31822,-64.99104,Orbicella faveolata,30.71,34.57,38.91,22220312_USA_USVI_Flat_Orbicella faveolata_9_37.5_420,2222-03-12,Caribbean,37.5,420,0.064,No publications available,2026,No doi available
Global_Search_Caribbean,USVI_Flat,2222-03-12,USVI_Flat_Orbicella_faveolata_10,USA,18.31822,-64.99104,Orbicella faveolata,33.11,34.14,35.21,22220312_USA_USVI_Flat_Orbicella faveolata_10_37.5_420,2222-03-12,Caribbean,37.5,420,0.0,No publications available,2026,No doi available
Global_Search_Caribbean,USVI_Flat,2222-03-12,USVI_Flat_Orbicella_faveolata_11,USA,18.31822,-64.99104,Orbicella faveolata,28.49,34.06,40.71,22220312_USA_USVI_Flat_Orbicella faveolata_11_37.5_420,2222-03-12,Caribbean,37.5,420,0.148,No publications available,2026,No doi available
Global_Search_Caribbean,USVI_Flat,2222-03-12,USVI_Flat_Orbicella_faveolata_1,USA,18.31822,-64.99104,Orbicella faveolata,31.81,33.9,36.11,22220312_USA_USVI_Flat_Orbicella faveolata_1_34.5_420,2222-03-12,Caribbean,34.5,420,0.144,No publications available,2026,No doi available
Global_Search_Caribbean,USVI_Flat,2222-03-12,USVI_Flat_Orbicella_faveolata_2,USA,18.31822,-64.99104,Orbicella faveolata,29.8,33.44,37.52,22220312_USA_USVI_Flat_Orbicella faveolata_2_34.5_420,2222-03-12,Caribbean,34.5,420,0.172,No publications available,2026,No doi available
Global_Search_Caribbean,USVI_Flat,2222-03-12,USVI_Flat_Orbicella_faveolata_3,USA,18.31822,-64.99104,Orbicella faveolata,28.69,33.32,38.69,22220312_USA_USVI_Flat_Orbicella faveolata_3_34.5_420,2222-03-12,Caribbean,34.5,420,0.226,No publications available,2026,No doi available
Global_Search_Caribbean,USVI_Flat,2222-03-12,USVI_Flat_Orbicella_faveolata_4,USA,18.31822,-64.99104,Orbicella faveolata,32.67,35.11,37.73,22220312_USA_USVI_Flat_Orbicella faveolata_4_34.5_420,2222-03-12,Caribbean,34.5,420,0.34,No publications available,2026,No doi available
Global_Search_Caribbean,USVI_Flat,2222-03-12,USVI_Flat_Orbicella_faveolata_5,USA,18.31822,-64.99104,Orbicella faveolata,30.75,33.77,37.08,22220312_USA_USVI_Flat_Orbicella faveolata_5_34.5_420,2222-03-12,Caribbean,34.5,420,0.167,No publications available,2026,No doi available
Global_Search_Caribbean,USVI_Flat,2222-03-12,USVI_Flat_Orbicella_faveolata_6,USA,18.31822,-64.99104,Orbicella faveolata,32.76,35.21,37.84,22220312_USA_USVI_Flat_Orbicella faveolata_6_34.5_420,2222-03-12,Caribbean,34.5,420,0.363,No publications available,2026,No doi available
Global_Search_Caribbean,USVI_Flat,2222-03-12,USVI_Flat_Orbicella_faveolata_7,USA,18.31822,-64.99104,Orbicella faveolata,31.32,34.53,38.06,22220312_USA_USVI_Flat_Orbicella faveolata_7_34.5_420,2222-03-12,Caribbean,34.5,420,0.293,No publications available,2026,No doi available
Global_Search_Caribbean,USVI_Flat,2222-03-12,USVI_Flat_Orbicella_faveolata_8,USA,18.31822,-64.99104,Orbicella faveolata,31.49,35.95,41.04,22220312_USA_USVI_Flat_Orbicella faveolata_8_34.5_420,2222-03-12,Caribbean,34.5,420,0.404,No publications available,2026,No doi available
Global_Search_Caribbean,USVI_Flat,2222-03-12,USVI_Flat_Orbicella_faveolata_9,USA,18.31822,-64.99104,Orbicella faveolata,30.71,34.57,38.91,22220312_USA_USVI_Flat_Orbicella faveolata_9_34.5_420,2222-03-12,Caribbean,34.5,420,0.273,No publications available,2026,No doi available
Global_Search_Caribbean,USVI_Flat,2222-03-12,USVI_Flat_Orbicella_faveolata_10,USA,18.31822,-64.99104,Orbicella faveolata,33.11,34.14,35.21,22220312_USA_USVI_Flat_Orbicella faveolata_10_34.5_420,2222-03-12,Caribbean,34.5,420,0.153,No publications available,2026,No doi available
Global_Search_Caribbean,USVI_Flat,2222-03-12,USVI_Flat_Orbicella_faveolata_11,USA,18.31822,-64.99104,Orbicella faveolata,28.49,34.06,40.71,22220312_USA_USVI_Flat_Orbicella faveolata_11_34.5_420,2222-03-12,Caribbean,34.5,420,0.175,No publications available,2026,No doi available
Global_Search_Caribbean,USVI_Flat,2222-03-12,USVI_Flat_Orbicella_faveolata_1,USA,18.31822,-64.99104,Orbicella faveolata,31.81,33.9,36.11,22220312_USA_USVI_Flat_Orbicella faveolata_1_32.5_420,2222-03-12,Caribbean,32.5,420,0.472,No publications available,2026,No doi available
Global_Search_Caribbean,USVI_Flat,2222-03-12,USVI_Flat_Orbicella_faveolata_2,USA,18.31822,-64.99104,Orbicella faveolata,29.8,33.44,37.52,22220312_USA_USVI_Flat_Orbicella faveolata_2_32.5_420,2222-03-12,Caribbean,32.5,420,0.341,No publications available,2026,No doi available
Global_Search_Caribbean,USVI_Flat,2222-03-12,USVI_Flat_Orbicella_faveolata_3,USA,18.31822,-64.99104,Orbicella faveolata,28.69,33.32,38.69,22220312_USA_USVI_Flat_Orbicella faveolata_3_32.5_420,2222-03-12,Caribbean,32.5,420,0.31,No publications available,2026,No doi available
Global_Search_Caribbean,USVI_Flat,2222-03-12,USVI_Flat_Orbicella_faveolata_4,USA,18.31822,-64.99104,Orbicella faveolata,32.67,35.11,37.73,22220312_USA_USVI_Flat_Orbicella faveolata_4_32.5_420,2222-03-12,Caribbean,32.5,420,0.395,No publications available,2026,No doi available
Global_Search_Caribbean,USVI_Flat,2222-03-12,USVI_Flat_Orbicella_faveolata_5,USA,18.31822,-64.99104,Orbicella faveolata,30.75,33.77,37.08,22220312_USA_USVI_Flat_Orbicella faveolata_5_32.5_420,2222-03-12,Caribbean,32.5,420,0.375,No publications available,2026,No doi available
Global_Search_Caribbean,USVI_Flat,2222-03-12,USVI_Flat_Orbicella_faveolata_6,USA,18.31822,-64.99104,Orbicella faveolata,32.76,35.21,37.84,22220312_USA_USVI_Flat_Orbicella faveolata_6_32.5_420,2222-03-12,Caribbean,32.5,420,0.478,No publications available,2026,No doi available
Global_Search_Caribbean,USVI_Flat,2222-03-12,USVI_Flat_Orbicella_faveolata_7,USA,18.31822,-64.99104,Orbicella faveolata,31.32,34.53,38.06,22220312_USA_USVI_Flat_Orbicella faveolata_7_32.5_420,2222-03-12,Caribbean,32.5,420,0.471,No publications available,2026,No doi available
Global_Search_Caribbean,USVI_Flat,2222-03-12,USVI_Flat_Orbicella_faveolata_8,USA,18.31822,-64.99104,Orbicella faveolata,31.49,35.95,41.04,22220312_USA_USVI_Flat_Orbicella faveolata_8_32.5_420,2222-03-12,Caribbean,32.5,420,0.456,No publications available,2026,No doi available
Global_Search_Caribbean,USVI_Flat,2222-03-12,USVI_Flat_Orbicella_faveolata_9,USA,18.31822,-64.99104,Orbicella faveolata,30.71,34.57,38.91,22220312_USA_USVI_Flat_Orbicella faveolata_9_32.5_420,2222-03-12,Caribbean,32.5,420,0.443,No publications available,2026,No doi available
Global_Search_Caribbean,USVI_Flat,2222-03-12,USVI_Flat_Orbicella_faveolata_10,USA,18.31822,-64.99104,Orbicella faveolata,33.11,34.14,35.21,22220312_USA_USVI_Flat_Orbicella faveolata_10_32.5_420,2222-03-12,Caribbean,32.5,420,0.563,No publications available,2026,No doi available
Global_Search_Caribbean,USVI_Flat,2222-03-12,USVI_Flat_Orbicella_faveolata_11,USA,18.31822,-64.99104,Orbicella faveolata,28.49,34.06,40.71,22220312_USA_USVI_Flat_Orbicella faveolata_11_32.5_420,2222-03-12,Caribbean,32.5,420,0.444,No publications available,2026,No doi available
Global_Search_Caribbean,USVI_Flat,2222-03-12,USVI_Flat_Orbicella_faveolata_1,USA,18.31822,-64.99104,Orbicella faveolata,31.81,33.9,36.11,22220312_USA_USVI_Flat_Orbicella faveolata_1_28.5_420,2222-03-12,Caribbean,28.5,420,0.508,No publications available,2026,No doi available
Global_Search_Caribbean,USVI_Flat,2222-03-12,USVI_Flat_Orbicella_faveolata_2,USA,18.31822,-64.99104,Orbicella faveolata,29.8,33.44,37.52,22220312_USA_USVI_Flat_Orbicella faveolata_2_28.5_420,2222-03-12,Caribbean,28.5,420,0.51,No publications available,2026,No doi available
Global_Search_Caribbean,USVI_Flat,2222-03-12,USVI_Flat_Orbicella_faveolata_3,USA,18.31822,-64.99104,Orbicella faveolata,28.69,33.32,38.69,22220312_USA_USVI_Flat_Orbicella faveolata_3_28.5_420,2222-03-12,Caribbean,28.5,420,0.525,No publications available,2026,No doi available
Global_Search_Caribbean,USVI_Flat,2222-03-12,USVI_Flat_Orbicella_faveolata_4,USA,18.31822,-64.99104,Orbicella faveolata,32.67,35.11,37.73,22220312_USA_USVI_Flat_Orbicella faveolata_4_28.5_420,2222-03-12,Caribbean,28.5,420,0.528,No publications available,2026,No doi available
Global_Search_Caribbean,USVI_Flat,2222-03-12,USVI_Flat_Orbicella_faveolata_5,USA,18.31822,-64.99104,Orbicella faveolata,30.75,33.77,37.08,22220312_USA_USVI_Flat_Orbicella faveolata_5_28.5_420,2222-03-12,Caribbean,28.5,420,0.488,No publications available,2026,No doi available
Global_Search_Caribbean,USVI_Flat,2222-03-12,USVI_Flat_Orbicella_faveolata_6,USA,18.31822,-64.99104,Orbicella faveolata,32.76,35.21,37.84,22220312_USA_USVI_Flat_Orbicella faveolata_6_28.5_420,2222-03-12,Caribbean,28.5,420,0.527,No publications available,2026,No doi available
Global_Search_Caribbean,USVI_Flat,2222-03-12,USVI_Flat_Orbicella_faveolata_7,USA,18.31822,-64.99104,Orbicella faveolata,31.32,34.53,38.06,22220312_USA_USVI_Flat_Orbicella faveolata_7_28.5_420,2222-03-12,Caribbean,28.5,420,0.565,No publications available,2026,No doi available
Global_Search_Caribbean,USVI_Flat,2222-03-12,USVI_Flat_Orbicella_faveolata_8,USA,18.31822,-64.99104,Orbicella faveolata,31.49,35.95,41.04,22220312_USA_USVI_Flat_Orbicella faveolata_8_28.5_420,2222-03-12,Caribbean,28.5,420,0.549,No publications available,2026,No doi available
Global_Search_Caribbean,USVI_Flat,2222-03-12,USVI_Flat_Orbicella_faveolata_9,USA,18.31822,-64.99104,Orbicella faveolata,30.71,34.57,38.91,22220312_USA_USVI_Flat_Orbicella faveolata_9_28.5_420,2222-03-12,Caribbean,28.5,420,0.531,No publications available,2026,No doi available
Global_Search_Caribbean,USVI_Flat,2222-03-12,USVI_Flat_Orbicella_faveolata_10,USA,18.31822,-64.99104,Orbicella faveolata,33.11,34.14,35.21,22220312_USA_USVI_Flat_Orbicella faveolata_10_28.5_420,2222-03-12,Caribbean,28.5,420,0.566,No publications available,2026,No doi available
Global_Search_Caribbean,USVI_Flat,2222-03-12,USVI_Flat_Orbicella_faveolata_11,USA,18.31822,-64.99104,Orbicella faveolata,28.49,34.06,40.71,22220312_USA_USVI_Flat_Orbicella faveolata_11_28.5_420,2222-03-12,Caribbean,28.5,420,0.522,No publications available,2026,No doi available
Global_Search_Caribbean,USVI_Flat,2222-03-10,USVI_Flat_Acropora_palmata_1,USA,18.31822,-64.99104,Acropora palmata,34.14,35.36,36.63,22220310_USA_USVI_Flat_Acropora palmata_1_37.5_420,2222-03-10,Caribbean,37.5,420,0.0,No publications available,2026,No doi available
Global_Search_Caribbean,USVI_Flat,2222-03-10,USVI_Flat_Acropora_palmata_2,USA,18.31822,-64.99104,Acropora palmata,34.22,35.34,36.49,22220310_USA_USVI_Flat_Acropora palmata_2_37.5_420,2222-03-10,Caribbean,37.5,420,0.0,No publications available,2026,No doi available
Global_Search_Caribbean,USVI_Flat,2222-03-10,USVI_Flat_Acropora_palmata_3,USA,18.31822,-64.99104,Acropora palmata,34.25,34.95,35.66,22220310_USA_USVI_Flat_Acropora palmata_3_37.5_420,2222-03-10,Caribbean,37.5,420,0.0,No publications available,2026,No doi available
Global_Search_Caribbean,USVI_Flat,2222-03-10,USVI_Flat_Acropora_palmata_4,USA,18.31822,-64.99104,Acropora palmata,33.82,35.06,36.34,22220310_USA_USVI_Flat_Acropora palmata_4_37.5_420,2222-03-10,Caribbean,37.5,420,0.0,No publications available,2026,No doi available
Global_Search_Caribbean,USVI_Flat,2222-03-10,USVI_Flat_Acropora_palmata_5,USA,18.31822,-64.99104,Acropora palmata,34.13,35.29,36.49,22220310_USA_USVI_Flat_Acropora palmata_5_37.5_420,2222-03-10,Caribbean,37.5,420,0.0,No publications available,2026,No doi available
Global_Search_Caribbean,USVI_Flat,2222-03-10,USVI_Flat_Acropora_palmata_6,USA,18.31822,-64.99104,Acropora palmata,34.3,35.37,36.47,22220310_USA_USVI_Flat_Acropora palmata_6_37.5_420,2222-03-10,Caribbean,37.5,420,0.0,No publications available,2026,No doi available
Global_Search_Caribbean,USVI_Flat,2222-03-10,USVI_Flat_Acropora_palmata_7,USA,18.31822,-64.99104,Acropora palmata,34.26,35.35,36.47,22220310_USA_USVI_Flat_Acropora palmata_7_37.5_420,2222-03-10,Caribbean,37.5,420,0.0,No publications available,2026,No doi available
Global_Search_Caribbean,USVI_Flat,2222-03-10,USVI_Flat_Acropora_palmata_8,USA,18.31822,-64.99104,Acropora palmata,33.76,35.19,36.69,22220310_USA_USVI_Flat_Acropora palmata_8_37.5_420,2222-03-10,Caribbean,37.5,420,0.0,No publications available,2026,No doi available
Global_Search_Caribbean,USVI_Flat,2222-03-10,USVI_Flat_Acropora_palmata_9,USA,18.31822,-64.99104,Acropora palmata,34.3,34.87,35.46,22220310_USA_USVI_Flat_Acropora palmata_9_37.5_420,2222-03-10,Caribbean,37.5,420,0.0,No publications available,2026,No doi available
Global_Search_Caribbean,USVI_Flat,2222-03-10,USVI_Flat_Acropora_palmata_10,USA,18.31822,-64.99104,Acropora palmata,34.0,35.07,36.17,22220310_USA_USVI_Flat_Acropora palmata_10_37.5_420,2222-03-10,Caribbean,37.5,420,0.0,No publications available,2026,No doi available
Global_Search_Caribbean,USVI_Flat,2222-03-10,USVI_Flat_Acropora_palmata_11,USA,18.31822,-64.99104,Acropora palmata,34.43,35.43,36.46,22220310_USA_USVI_Flat_Acropora palmata_11_37.5_420,2222-03-10,Caribbean,37.5,420,0.0,No publications available,2026,No doi available
Global_Search_Caribbean,USVI_Flat,2222-03-10,USVI_Flat_Acropora_palmata_12,USA,18.31822,-64.99104,Acropora palmata,34.48,35.43,36.42,22220310_USA_USVI_Flat_Acropora palmata_12_37.5_420,2222-03-10,Caribbean,37.5,420,0.0,No publications available,2026,No doi available
Global_Search_Caribbean,USVI_Flat,2222-03-10,USVI_Flat_Acropora_palmata_13,USA,18.31822,-64.99104,Acropora palmata,34.18,35.29,36.43,22220310_USA_USVI_Flat_Acropora palmata_13_37.5_420,2222-03-10,Caribbean,37.5,420,0.0,No publications available,2026,No doi available
Global_Search_Caribbean,USVI_Flat,2222-03-10,USVI_Flat_Acropora_palmata_14,USA,18.31822,-64.99104,Acropora palmata,34.2,35.31,36.45,22220310_USA_USVI_Flat_Acropora palmata_14_37.5_420,2222-03-10,Caribbean,37.5,420,0.0,No publications available,2026,No doi available
Global_Search_Caribbean,USVI_Flat,2222-03-10,USVI_Flat_Acropora_palmata_1,USA,18.31822,-64.99104,Acropora palmata,34.14,35.36,36.63,22220310_USA_USVI_Flat_Acropora palmata_1_34.5_420,2222-03-10,Caribbean,34.5,420,0.474,No publications available,2026,No doi available
Global_Search_Caribbean,USVI_Flat,2222-03-10,USVI_Flat_Acropora_palmata_2,USA,18.31822,-64.99104,Acropora palmata,34.22,35.34,36.49,22220310_USA_USVI_Flat_Acropora palmata_2_34.5_420,2222-03-10,Caribbean,34.5,420,0.452,No publications available,2026,No doi available
Global_Search_Caribbean,USVI_Flat,2222-03-10,USVI_Flat_Acropora_palmata_3,USA,18.31822,-64.99104,Acropora palmata,34.25,34.95,35.66,22220310_USA_USVI_Flat_Acropora palmata_3_34.5_420,2222-03-10,Caribbean,34.5,420,0.473,No publications available,2026,No doi available
Global_Search_Caribbean,USVI_Flat,2222-03-10,USVI_Flat_Acropora_palmata_4,USA,18.31822,-64.99104,Acropora palmata,33.82,35.06,36.34,22220310_USA_USVI_Flat_Acropora palmata_4_34.5_420,2222-03-10,Caribbean,34.5,420,0.462,No publications available,2026,No doi available
Global_Search_Caribbean,USVI_Flat,2222-03-10,USVI_Flat_Acropora_palmata_5,USA,18.31822,-64.99104,Acropora palmata,34.13,35.29,36.49,22220310_USA_USVI_Flat_Acropora palmata_5_34.5_420,2222-03-10,Caribbean,34.5,420,0.488,No publications available,2026,No doi available
Global_Search_Caribbean,USVI_Flat,2222-03-10,USVI_Flat_Acropora_palmata_6,USA,18.31822,-64.99104,Acropora palmata,34.3,35.37,36.47,22220310_USA_USVI_Flat_Acropora palmata_6_34.5_420,2222-03-10,Caribbean,34.5,420,0.48,No publications available,2026,No doi available
Global_Search_Caribbean,USVI_Flat,2222-03-10,USVI_Flat_Acropora_palmata_7,USA,18.31822,-64.99104,Acropora palmata,34.26,35.35,36.47,22220310_USA_USVI_Flat_Acropora palmata_7_34.5_420,2222-03-10,Caribbean,34.5,420,0.509,No publications available,2026,No doi available
Global_Search_Caribbean,USVI_Flat,2222-03-10,USVI_Flat_Acropora_palmata_8,USA,18.31822,-64.99104,Acropora palmata,33.76,35.19,36.69,22220310_USA_USVI_Flat_Acropora palmata_8_34.5_420,2222-03-10,Caribbean,34.5,420,0.411,No publications available,2026,No doi available
Global_Search_Caribbean,USVI_Flat,2222-03-10,USVI_Flat_Acropora_palmata_9,USA,18.31822,-64.99104,Acropora palmata,34.3,34.87,35.46,22220310_USA_USVI_Flat_Acropora palmata_9_34.5_420,2222-03-10,Caribbean,34.5,420,0.446,No publications available,2026,No doi available
Global_Search_Caribbean,USVI_Flat,2222-03-10,USVI_Flat_Acropora_palmata_10,USA,18.31822,-64.99104,Acropora palmata,34.0,35.07,36.17,22220310_USA_USVI_Flat_Acropora palmata_10_34.5_420,2222-03-10,Caribbean,34.5,420,0.479,No publications available,2026,No doi available
Global_Search_Caribbean,USVI_Flat,2222-03-10,USVI_Flat_Acropora_palmata_11,USA,18.31822,-64.99104,Acropora palmata,34.43,35.43,36.46,22220310_USA_USVI_Flat_Acropora palmata_11_34.5_420,2222-03-10,Caribbean,34.5,420,0.513,No publications available,2026,No doi available
Global_Search_Caribbean,USVI_Flat,2222-03-10,USVI_Flat_Acropora_palmata_12,USA,18.31822,-64.99104,Acropora palmata,34.48,35.43,36.42,22220310_USA_USVI_Flat_Acropora palmata_12_34.5_420,2222-03-10,Caribbean,34.5,420,0.522,No publications available,2026,No doi available
Global_Search_Caribbean,USVI_Flat,2222-03-10,USVI_Flat_Acropora_palmata_13,USA,18.31822,-64.99104,Acropora palmata,34.18,35.29,36.43,22220310_USA_USVI_Flat_Acropora palmata_13_34.5_420,2222-03-10,Caribbean,34.5,420,0.514,No publications available,2026,No doi available
Global_Search_Caribbean,USVI_Flat,2222-03-10,USVI_Flat_Acropora_palmata_14,USA,18.31822,-64.99104,Acropora palmata,34.2,35.31,36.45,22220310_USA_USVI_Flat_Acropora palmata_14_34.5_420,2222-03-10,Caribbean,34.5,420,0.493,No publications available,2026,No doi available
Global_Search_Caribbean,USVI_Flat,2222-03-10,USVI_Flat_Acropora_palmata_1,USA,18.31822,-64.99104,Acropora palmata,34.14,35.36,36.63,22220310_USA_USVI_Flat_Acropora palmata_1_32.5_420,2222-03-10,Caribbean,32.5,420,0.502,No publications available,2026,No doi available
Global_Search_Caribbean,USVI_Flat,2222-03-10,USVI_Flat_Acropora_palmata_2,USA,18.31822,-64.99104,Acropora palmata,34.22,35.34,36.49,22220310_USA_USVI_Flat_Acropora palmata_2_32.5_420,2222-03-10,Caribbean,32.5,420,0.486,No publications available,2026,No doi available
Global_Search_Caribbean,USVI_Flat,2222-03-10,USVI_Flat_Acropora_palmata_3,USA,18.31822,-64.99104,Acropora palmata,34.25,34.95,35.66,22220310_USA_USVI_Flat_Acropora palmata_3_32.5_420,2222-03-10,Caribbean,32.5,420,0.55,No publications available,2026,No doi available
Global_Search_Caribbean,USVI_Flat,2222-03-10,USVI_Flat_Acropora_palmata_4,USA,18.31822,-64.99104,Acropora palmata,33.82,35.06,36.34,22220310_USA_USVI_Flat_Acropora palmata_4_32.5_420,2222-03-10,Caribbean,32.5,420,0.584,No publications available,2026,No doi available
Global_Search_Caribbean,USVI_Flat,2222-03-10,USVI_Flat_Acropora_palmata_5,USA,18.31822,-64.99104,Acropora palmata,34.13,35.29,36.49,22220310_USA_USVI_Flat_Acropora palmata_5_32.5_420,2222-03-10,Caribbean,32.5,420,0.544,No publications available,2026,No doi available
Global_Search_Caribbean,USVI_Flat,2222-03-10,USVI_Flat_Acropora_palmata_6,USA,18.31822,-64.99104,Acropora palmata,34.3,35.37,36.47,22220310_USA_USVI_Flat_Acropora palmata_6_32.5_420,2222-03-10,Caribbean,32.5,420,0.519,No publications available,2026,No doi available
Global_Search_Caribbean,USVI_Flat,2222-03-10,USVI_Flat_Acropora_palmata_7,USA,18.31822,-64.99104,Acropora palmata,34.26,35.35,36.47,22220310_USA_USVI_Flat_Acropora palmata_7_32.5_420,2222-03-10,Caribbean,32.5,420,0.555,No publications available,2026,No doi available
Global_Search_Caribbean,USVI_Flat,2222-03-10,USVI_Flat_Acropora_palmata_8,USA,18.31822,-64.99104,Acropora palmata,33.76,35.19,36.69,22220310_USA_USVI_Flat_Acropora palmata_8_32.5_420,2222-03-10,Caribbean,32.5,420,0.486,No publications available,2026,No doi available
Global_Search_Caribbean,USVI_Flat,2222-03-10,USVI_Flat_Acropora_palmata_9,USA,18.31822,-64.99104,Acropora palmata,34.3,34.87,35.46,22220310_USA_USVI_Flat_Acropora palmata_9_32.5_420,2222-03-10,Caribbean,32.5,420,0.532,No publications available,2026,No doi available
Global_Search_Caribbean,USVI_Flat,2222-03-10,USVI_Flat_Acropora_palmata_10,USA,18.31822,-64.99104,Acropora palmata,34.0,35.07,36.17,22220310_USA_USVI_Flat_Acropora palmata_10_32.5_420,2222-03-10,Caribbean,32.5,420,0.59,No publications available,2026,No doi available
Global_Search_Caribbean,USVI_Flat,2222-03-10,USVI_Flat_Acropora_palmata_11,USA,18.31822,-64.99104,Acropora palmata,34.43,35.43,36.46,22220310_USA_USVI_Flat_Acropora palmata_11_32.5_420,2222-03-10,Caribbean,32.5,420,0.526,No publications available,2026,No doi available
Global_Search_Caribbean,USVI_Flat,2222-03-10,USVI_Flat_Acropora_palmata_12,USA,18.31822,-64.99104,Acropora palmata,34.48,35.43,36.42,22220310_USA_USVI_Flat_Acropora palmata_12_32.5_420,2222-03-10,Caribbean,32.5,420,0.556,No publications available,2026,No doi available
Global_Search_Caribbean,USVI_Flat,2222-03-10,USVI_Flat_Acropora_palmata_13,USA,18.31822,-64.99104,Acropora palmata,34.18,35.29,36.43,22220310_USA_USVI_Flat_Acropora palmata_13_32.5_420,2222-03-10,Caribbean,32.5,420,0.578,No publications available,2026,No doi available
Global_Search_Caribbean,USVI_Flat,2222-03-10,USVI_Flat_Acropora_palmata_14,USA,18.31822,-64.99104,Acropora palmata,34.2,35.31,36.45,22220310_USA_USVI_Flat_Acropora palmata_14_32.5_420,2222-03-10,Caribbean,32.5,420,0.546,No publications available,2026,No doi available
Global_Search_Caribbean,USVI_Flat,2222-03-10,USVI_Flat_Acropora_palmata_1,USA,18.31822,-64.99104,Acropora palmata,34.14,35.36,36.63,22220310_USA_USVI_Flat_Acropora palmata_1_28.5_420,2222-03-10,Caribbean,28.5,420,0.565,No publications available,2026,No doi available
Global_Search_Caribbean,USVI_Flat,2222-03-10,USVI_Flat_Acropora_palmata_2,USA,18.31822,-64.99104,Acropora palmata,34.22,35.34,36.49,22220310_USA_USVI_Flat_Acropora palmata_2_28.5_420,2222-03-10,Caribbean,28.5,420,0.518,No publications available,2026,No doi available
Global_Search_Caribbean,USVI_Flat,2222-03-10,USVI_Flat_Acropora_palmata_3,USA,18.31822,-64.99104,Acropora palmata,34.25,34.95,35.66,22220310_USA_USVI_Flat_Acropora palmata_3_28.5_420,2222-03-10,Caribbean,28.5,420,0.54,No publications available,2026,No doi available
Global_Search_Caribbean,USVI_Flat,2222-03-10,USVI_Flat_Acropora_palmata_4,USA,18.31822,-64.99104,Acropora palmata,33.82,35.06,36.34,22220310_USA_USVI_Flat_Acropora palmata_4_28.5_420,2222-03-10,Caribbean,28.5,420,0.587,No publications available,2026,No doi available
Global_Search_Caribbean,USVI_Flat,2222-03-10,USVI_Flat_Acropora_palmata_5,USA,18.31822,-64.99104,Acropora palmata,34.13,35.29,36.49,22220310_USA_USVI_Flat_Acropora palmata_5_28.5_420,2222-03-10,Caribbean,28.5,420,0.565,No publications available,2026,No doi available
Global_Search_Caribbean,USVI_Flat,2222-03-10,USVI_Flat_Acropora_palmata_6,USA,18.31822,-64.99104,Acropora palmata,34.3,35.37,36.47,22220310_USA_USVI_Flat_Acropora palmata_6_28.5_420,2222-03-10,Caribbean,28.5,420,0.53,No publications available,2026,No doi available
Global_Search_Caribbean,USVI_Flat,2222-03-10,USVI_Flat_Acropora_palmata_7,USA,18.31822,-64.99104,Acropora palmata,34.26,35.35,36.47,22220310_USA_USVI_Flat_Acropora palmata_7_28.5_420,2222-03-10,Caribbean,28.5,420,0.566,No publications available,2026,No doi available
Global_Search_Caribbean,USVI_Flat,2222-03-10,USVI_Flat_Acropora_palmata_8,USA,18.31822,-64.99104,Acropora palmata,33.76,35.19,36.69,22220310_USA_USVI_Flat_Acropora palmata_8_28.5_420,2222-03-10,Caribbean,28.5,420,0.533,No publications available,2026,No doi available
Global_Search_Caribbean,USVI_Flat,2222-03-10,USVI_Flat_Acropora_palmata_9,USA,18.31822,-64.99104,Acropora palmata,34.3,34.87,35.46,22220310_USA_USVI_Flat_Acropora palmata_9_28.5_420,2222-03-10,Caribbean,28.5,420,0.494,No publications available,2026,No doi available
Global_Search_Caribbean,USVI_Flat,2222-03-10,USVI_Flat_Acropora_palmata_10,USA,18.31822,-64.99104,Acropora palmata,34.0,35.07,36.17,22220310_USA_USVI_Flat_Acropora palmata_10_28.5_420,2222-03-10,Caribbean,28.5,420,0.57,No publications available,2026,No doi available
Global_Search_Caribbean,USVI_Flat,2222-03-10,USVI_Flat_Acropora_palmata_11,USA,18.31822,-64.99104,Acropora palmata,34.43,35.43,36.46,22220310_USA_USVI_Flat_Acropora palmata_11_28.5_420,2222-03-10,Caribbean,28.5,420,0.566,No publications available,2026,No doi available
Global_Search_Caribbean,USVI_Flat,2222-03-10,USVI_Flat_Acropora_palmata_12,USA,18.31822,-64.99104,Acropora palmata,34.48,35.43,36.42,22220310_USA_USVI_Flat_Acropora palmata_12_28.5_420,2222-03-10,Caribbean,28.5,420,0.547,No publications available,2026,No doi available
Global_Search_Caribbean,USVI_Flat,2222-03-10,USVI_Flat_Acropora_palmata_13,USA,18.31822,-64.99104,Acropora palmata,34.18,35.29,36.43,22220310_USA_USVI_Flat_Acropora palmata_13_28.5_420,2222-03-10,Caribbean,28.5,420,0.577,No publications available,2026,No doi available
Global_Search_Caribbean,USVI_Flat,2222-03-10,USVI_Flat_Acropora_palmata_14,USA,18.31822,-64.99104,Acropora palmata,34.2,35.31,36.45,22220310_USA_USVI_Flat_Acropora palmata_14_28.5_420,2222-03-10,Caribbean,28.5,420,0.555,No publications available,2026,No doi available
Global_Search_Caribbean,USVI_Thatch,2222-03-14,USVI_Thatch_Siderastrea_siderea_1,USA,18.35674,-64.85381,Siderastrea siderea,34.15,35.49,36.88,22220314_USA_USVI_Thatch_Siderastrea siderea_1_37.5_420,2222-03-14,Caribbean,37.5,420,0.005,No publications available,2026,No doi available
Global_Search_Caribbean,USVI_Thatch,2222-03-14,USVI_Thatch_Siderastrea_siderea_2,USA,18.35674,-64.85381,Siderastrea siderea,33.68,35.22,36.83,22220314_USA_USVI_Thatch_Siderastrea siderea_2_37.5_420,2222-03-14,Caribbean,37.5,420,0.006,No publications available,2026,No doi available
Global_Search_Caribbean,USVI_Thatch,2222-03-14,USVI_Thatch_Siderastrea_siderea_3,USA,18.35674,-64.85381,Siderastrea siderea,33.92,35.24,36.62,22220314_USA_USVI_Thatch_Siderastrea siderea_3_37.5_420,2222-03-14,Caribbean,37.5,420,0.0,No publications available,2026,No doi available
Global_Search_Caribbean,USVI_Thatch,2222-03-14,USVI_Thatch_Siderastrea_siderea_4,USA,18.35674,-64.85381,Siderastrea siderea,34.26,35.05,35.85,22220314_USA_USVI_Thatch_Siderastrea siderea_4_37.5_420,2222-03-14,Caribbean,37.5,420,0.0,No publications available,2026,No doi available
Global_Search_Caribbean,USVI_Thatch,2222-03-14,USVI_Thatch_Siderastrea_siderea_5,USA,18.35674,-64.85381,Siderastrea siderea,34.08,35.46,36.88,22220314_USA_USVI_Thatch_Siderastrea siderea_5_37.5_420,2222-03-14,Caribbean,37.5,420,0.006,No publications available,2026,No doi available
Global_Search_Caribbean,USVI_Thatch,2222-03-14,USVI_Thatch_Siderastrea_siderea_6,USA,18.35674,-64.85381,Siderastrea siderea,33.53,35.52,37.63,22220314_USA_USVI_Thatch_Siderastrea siderea_6_37.5_420,2222-03-14,Caribbean,37.5,420,0.029,No publications available,2026,No doi available
Global_Search_Caribbean,USVI_Thatch,2222-03-14,USVI_Thatch_Siderastrea_siderea_7,USA,18.35674,-64.85381,Siderastrea siderea,34.63,35.52,36.43,22220314_USA_USVI_Thatch_Siderastrea siderea_7_37.5_420,2222-03-14,Caribbean,37.5,420,0.0,No publications available,2026,No doi available
Global_Search_Caribbean,USVI_Thatch,2222-03-14,USVI_Thatch_Siderastrea_siderea_8,USA,18.35674,-64.85381,Siderastrea siderea,34.19,35.56,36.98,22220314_USA_USVI_Thatch_Siderastrea siderea_8_37.5_420,2222-03-14,Caribbean,37.5,420,0.008,No publications available,2026,No doi available
Global_Search_Caribbean,USVI_Thatch,2222-03-14,USVI_Thatch_Siderastrea_siderea_9,USA,18.35674,-64.85381,Siderastrea siderea,34.06,35.96,37.96,22220314_USA_USVI_Thatch_Siderastrea siderea_9_37.5_420,2222-03-14,Caribbean,37.5,420,0.049,No publications available,2026,No doi available
Global_Search_Caribbean,USVI_Thatch,2222-03-14,USVI_Thatch_Siderastrea_siderea_10,USA,18.35674,-64.85381,Siderastrea siderea,33.6,36.61,39.89,22220314_USA_USVI_Thatch_Siderastrea siderea_10_37.5_420,2222-03-14,Caribbean,37.5,420,0.174,No publications available,2026,No doi available
Global_Search_Caribbean,USVI_Thatch,2222-03-14,USVI_Thatch_Siderastrea_siderea_11,USA,18.35674,-64.85381,Siderastrea siderea,51.7,55.13,58.78,22220314_USA_USVI_Thatch_Siderastrea siderea_11_37.5_420,2222-03-14,Caribbean,37.5,420,0.221,No publications available,2026,No doi available
Global_Search_Caribbean,USVI_Thatch,2222-03-14,USVI_Thatch_Siderastrea_siderea_12,USA,18.35674,-64.85381,Siderastrea siderea,34.28,35.36,36.46,22220314_USA_USVI_Thatch_Siderastrea siderea_12_37.5_420,2222-03-14,Caribbean,37.5,420,0.0,No publications available,2026,No doi available
Global_Search_Caribbean,USVI_Thatch,2222-03-14,USVI_Thatch_Siderastrea_siderea_1,USA,18.35674,-64.85381,Siderastrea siderea,34.15,35.49,36.88,22220314_USA_USVI_Thatch_Siderastrea siderea_1_34.5_420,2222-03-14,Caribbean,34.5,420,0.463,No publications available,2026,No doi available
Global_Search_Caribbean,USVI_Thatch,2222-03-14,USVI_Thatch_Siderastrea_siderea_2,USA,18.35674,-64.85381,Siderastrea siderea,33.68,35.22,36.83,22220314_USA_USVI_Thatch_Siderastrea siderea_2_34.5_420,2222-03-14,Caribbean,34.5,420,0.426,No publications available,2026,No doi available
Global_Search_Caribbean,USVI_Thatch,2222-03-14,USVI_Thatch_Siderastrea_siderea_3,USA,18.35674,-64.85381,Siderastrea siderea,33.92,35.24,36.62,22220314_USA_USVI_Thatch_Siderastrea siderea_3_34.5_420,2222-03-14,Caribbean,34.5,420,0.428,No publications available,2026,No doi available
Global_Search_Caribbean,USVI_Thatch,2222-03-14,USVI_Thatch_Siderastrea_siderea_4,USA,18.35674,-64.85381,Siderastrea siderea,34.26,35.05,35.85,22220314_USA_USVI_Thatch_Siderastrea siderea_4_34.5_420,2222-03-14,Caribbean,34.5,420,0.422,No publications available,2026,No doi available
Global_Search_Caribbean,USVI_Thatch,2222-03-14,USVI_Thatch_Siderastrea_siderea_5,USA,18.35674,-64.85381,Siderastrea siderea,34.08,35.46,36.88,22220314_USA_USVI_Thatch_Siderastrea siderea_5_34.5_420,2222-03-14,Caribbean,34.5,420,0.462,No publications available,2026,No doi available
Global_Search_Caribbean,USVI_Thatch,2222-03-14,USVI_Thatch_Siderastrea_siderea_6,USA,18.35674,-64.85381,Siderastrea siderea,33.53,35.52,37.63,22220314_USA_USVI_Thatch_Siderastrea siderea_6_34.5_420,2222-03-14,Caribbean,34.5,420,0.415,No publications available,2026,No doi available
Global_Search_Caribbean,USVI_Thatch,2222-03-14,USVI_Thatch_Siderastrea_siderea_7,USA,18.35674,-64.85381,Siderastrea siderea,34.63,35.52,36.43,22220314_USA_USVI_Thatch_Siderastrea siderea_7_34.5_420,2222-03-14,Caribbean,34.5,420,0.51,No publications available,2026,No doi available
Global_Search_Caribbean,USVI_Thatch,2222-03-14,USVI_Thatch_Siderastrea_siderea_8,USA,18.35674,-64.85381,Siderastrea siderea,34.19,35.56,36.98,22220314_USA_USVI_Thatch_Siderastrea siderea_8_34.5_420,2222-03-14,Caribbean,34.5,420,0.472,No publications available,2026,No doi available
Global_Search_Caribbean,USVI_Thatch,2222-03-14,USVI_Thatch_Siderastrea_siderea_9,USA,18.35674,-64.85381,Siderastrea siderea,34.06,35.96,37.96,22220314_USA_USVI_Thatch_Siderastrea siderea_9_34.5_420,2222-03-14,Caribbean,34.5,420,0.482,No publications available,2026,No doi available
Global_Search_Caribbean,USVI_Thatch,2222-03-14,USVI_Thatch_Siderastrea_siderea_10,USA,18.35674,-64.85381,Siderastrea siderea,33.6,36.61,39.89,22220314_USA_USVI_Thatch_Siderastrea siderea_10_34.5_420,2222-03-14,Caribbean,34.5,420,0.51,No publications available,2026,No doi available
Global_Search_Caribbean,USVI_Thatch,2222-03-14,USVI_Thatch_Siderastrea_siderea_11,USA,18.35674,-64.85381,Siderastrea siderea,51.7,55.13,58.78,22220314_USA_USVI_Thatch_Siderastrea siderea_11_34.5_420,2222-03-14,Caribbean,34.5,420,0.5,No publications available,2026,No doi available
Global_Search_Caribbean,USVI_Thatch,2222-03-14,USVI_Thatch_Siderastrea_siderea_12,USA,18.35674,-64.85381,Siderastrea siderea,34.28,35.36,36.46,22220314_USA_USVI_Thatch_Siderastrea siderea_12_34.5_420,2222-03-14,Caribbean,34.5,420,0.499,No publications available,2026,No doi available
Global_Search_Caribbean,USVI_Thatch,2222-03-14,USVI_Thatch_Siderastrea_siderea_1,USA,18.35674,-64.85381,Siderastrea siderea,34.15,35.49,36.88,22220314_USA_USVI_Thatch_Siderastrea siderea_1_32.5_420,2222-03-14,Caribbean,32.5,420,0.477,No publications available,2026,No doi available
Global_Search_Caribbean,USVI_Thatch,2222-03-14,USVI_Thatch_Siderastrea_siderea_2,USA,18.35674,-64.85381,Siderastrea siderea,33.68,35.22,36.83,22220314_USA_USVI_Thatch_Siderastrea siderea_2_32.5_420,2222-03-14,Caribbean,32.5,420,0.521,No publications available,2026,No doi available
Global_Search_Caribbean,USVI_Thatch,2222-03-14,USVI_Thatch_Siderastrea_siderea_3,USA,18.35674,-64.85381,Siderastrea siderea,33.92,35.24,36.62,22220314_USA_USVI_Thatch_Siderastrea siderea_3_32.5_420,2222-03-14,Caribbean,32.5,420,0.484,No publications available,2026,No doi available
Global_Search_Caribbean,USVI_Thatch,2222-03-14,USVI_Thatch_Siderastrea_siderea_4,USA,18.35674,-64.85381,Siderastrea siderea,34.26,35.05,35.85,22220314_USA_USVI_Thatch_Siderastrea siderea_4_32.5_420,2222-03-14,Caribbean,32.5,420,0.446,No publications available,2026,No doi available
Global_Search_Caribbean,USVI_Thatch,2222-03-14,USVI_Thatch_Siderastrea_siderea_5,USA,18.35674,-64.85381,Siderastrea siderea,34.08,35.46,36.88,22220314_USA_USVI_Thatch_Siderastrea siderea_5_32.5_420,2222-03-14,Caribbean,32.5,420,0.498,No publications available,2026,No doi available
Global_Search_Caribbean,USVI_Thatch,2222-03-14,USVI_Thatch_Siderastrea_siderea_6,USA,18.35674,-64.85381,Siderastrea siderea,33.53,35.52,37.63,22220314_USA_USVI_Thatch_Siderastrea siderea_6_32.5_420,2222-03-14,Caribbean,32.5,420,0.496,No publications available,2026,No doi available
Global_Search_Caribbean,USVI_Thatch,2222-03-14,USVI_Thatch_Siderastrea_siderea_7,USA,18.35674,-64.85381,Siderastrea siderea,34.63,35.52,36.43,22220314_USA_USVI_Thatch_Siderastrea siderea_7_32.5_420,2222-03-14,Caribbean,32.5,420,0.512,No publications available,2026,No doi available
Global_Search_Caribbean,USVI_Thatch,2222-03-14,USVI_Thatch_Siderastrea_siderea_8,USA,18.35674,-64.85381,Siderastrea siderea,34.19,35.56,36.98,22220314_USA_USVI_Thatch_Siderastrea siderea_8_32.5_420,2222-03-14,Caribbean,32.5,420,0.496,No publications available,2026,No doi available
Global_Search_Caribbean,USVI_Thatch,2222-03-14,USVI_Thatch_Siderastrea_siderea_9,USA,18.35674,-64.85381,Siderastrea siderea,34.06,35.96,37.96,22220314_USA_USVI_Thatch_Siderastrea siderea_9_32.5_420,2222-03-14,Caribbean,32.5,420,0.517,No publications available,2026,No doi available
Global_Search_Caribbean,USVI_Thatch,2222-03-14,USVI_Thatch_Siderastrea_siderea_10,USA,18.35674,-64.85381,Siderastrea siderea,33.6,36.61,39.89,22220314_USA_USVI_Thatch_Siderastrea siderea_10_32.5_420,2222-03-14,Caribbean,32.5,420,0.551,No publications available,2026,No doi available
Global_Search_Caribbean,USVI_Thatch,2222-03-14,USVI_Thatch_Siderastrea_siderea_11,USA,18.35674,-64.85381,Siderastrea siderea,51.7,55.13,58.78,22220314_USA_USVI_Thatch_Siderastrea siderea_11_32.5_420,2222-03-14,Caribbean,32.5,420,0.502,No publications available,2026,No doi available
Global_Search_Caribbean,USVI_Thatch,2222-03-14,USVI_Thatch_Siderastrea_siderea_12,USA,18.35674,-64.85381,Siderastrea siderea,34.28,35.36,36.46,22220314_USA_USVI_Thatch_Siderastrea siderea_12_32.5_420,2222-03-14,Caribbean,32.5,420,0.532,No publications available,2026,No doi available
Global_Search_Caribbean,USVI_Thatch,2222-03-14,USVI_Thatch_Siderastrea_siderea_1,USA,18.35674,-64.85381,Siderastrea siderea,34.15,35.49,36.88,22220314_USA_USVI_Thatch_Siderastrea siderea_1_28.5_420,2222-03-14,Caribbean,28.5,420,0.552,No publications available,2026,No doi available
Global_Search_Caribbean,USVI_Thatch,2222-03-14,USVI_Thatch_Siderastrea_siderea_2,USA,18.35674,-64.85381,Siderastrea siderea,33.68,35.22,36.83,22220314_USA_USVI_Thatch_Siderastrea siderea_2_28.5_420,2222-03-14,Caribbean,28.5,420,0.544,No publications available,2026,No doi available
Global_Search_Caribbean,USVI_Thatch,2222-03-14,USVI_Thatch_Siderastrea_siderea_3,USA,18.35674,-64.85381,Siderastrea siderea,33.92,35.24,36.62,22220314_USA_USVI_Thatch_Siderastrea siderea_3_28.5_420,2222-03-14,Caribbean,28.5,420,0.535,No publications available,2026,No doi available
Global_Search_Caribbean,USVI_Thatch,2222-03-14,USVI_Thatch_Siderastrea_siderea_4,USA,18.35674,-64.85381,Siderastrea siderea,34.26,35.05,35.85,22220314_USA_USVI_Thatch_Siderastrea siderea_4_28.5_420,2222-03-14,Caribbean,28.5,420,0.508,No publications available,2026,No doi available
Global_Search_Caribbean,USVI_Thatch,2222-03-14,USVI_Thatch_Siderastrea_siderea_5,USA,18.35674,-64.85381,Siderastrea siderea,34.08,35.46,36.88,22220314_USA_USVI_Thatch_Siderastrea siderea_5_28.5_420,2222-03-14,Caribbean,28.5,420,0.544,No publications available,2026,No doi available
Global_Search_Caribbean,USVI_Thatch,2222-03-14,USVI_Thatch_Siderastrea_siderea_6,USA,18.35674,-64.85381,Siderastrea siderea,33.53,35.52,37.63,22220314_USA_USVI_Thatch_Siderastrea siderea_6_28.5_420,2222-03-14,Caribbean,28.5,420,0.513,No publications available,2026,No doi available
Global_Search_Caribbean,USVI_Thatch,2222-03-14,USVI_Thatch_Siderastrea_siderea_7,USA,18.35674,-64.85381,Siderastrea siderea,34.63,35.52,36.43,22220314_USA_USVI_Thatch_Siderastrea siderea_7_28.5_420,2222-03-14,Caribbean,28.5,420,0.543,No publications available,2026,No doi available
Global_Search_Caribbean,USVI_Thatch,2222-03-14,USVI_Thatch_Siderastrea_siderea_8,USA,18.35674,-64.85381,Siderastrea siderea,34.19,35.56,36.98,22220314_USA_USVI_Thatch_Siderastrea siderea_8_28.5_420,2222-03-14,Caribbean,28.5,420,0.544,No publications available,2026,No doi available
Global_Search_Caribbean,USVI_Thatch,2222-03-14,USVI_Thatch_Siderastrea_siderea_9,USA,18.35674,-64.85381,Siderastrea siderea,34.06,35.96,37.96,22220314_USA_USVI_Thatch_Siderastrea siderea_9_28.5_420,2222-03-14,Caribbean,28.5,420,0.543,No publications available,2026,No doi available
Global_Search_Caribbean,USVI_Thatch,2222-03-14,USVI_Thatch_Siderastrea_siderea_10,USA,18.35674,-64.85381,Siderastrea siderea,33.6,36.61,39.89,22220314_USA_USVI_Thatch_Siderastrea siderea_10_28.5_420,2222-03-14,Caribbean,28.5,420,0.582,No publications available,2026,No doi available
Global_Search_Caribbean,USVI_Thatch,2222-03-14,USVI_Thatch_Siderastrea_siderea_11,USA,18.35674,-64.85381,Siderastrea siderea,51.7,55.13,58.78,22220314_USA_USVI_Thatch_Siderastrea siderea_11_28.5_420,2222-03-14,Caribbean,28.5,420,0.585,No publications available,2026,No doi available
Global_Search_Caribbean,USVI_Thatch,2222-03-14,USVI_Thatch_Siderastrea_siderea_12,USA,18.35674,-64.85381,Siderastrea siderea,34.28,35.36,36.46,22220314_USA_USVI_Thatch_Siderastrea siderea_12_28.5_420,2222-03-14,Caribbean,28.5,420,0.562,No publications available,2026,No doi available
Global_Search_Caribbean,USVI_Thatch,2222-03-13,USVI_Thatch_Acropora_palmata_1,USA,18.35674,-64.85381,Acropora palmata,33.9,35.02,36.16,22220313_USA_USVI_Thatch_Acropora palmata_1_37.5_420,2222-03-13,Caribbean,37.5,420,0.0,No publications available,2026,No doi available
Global_Search_Caribbean,USVI_Thatch,2222-03-13,USVI_Thatch_Acropora_palmata_2,USA,18.35674,-64.85381,Acropora palmata,34.2,35.26,36.36,22220313_USA_USVI_Thatch_Acropora palmata_2_37.5_420,2222-03-13,Caribbean,37.5,420,0.0,No publications available,2026,No doi available
Global_Search_Caribbean,USVI_Thatch,2222-03-13,USVI_Thatch_Acropora_palmata_3,USA,18.35674,-64.85381,Acropora palmata,34.35,35.32,36.32,22220313_USA_USVI_Thatch_Acropora palmata_3_37.5_420,2222-03-13,Caribbean,37.5,420,0.0,No publications available,2026,No doi available
Global_Search_Caribbean,USVI_Thatch,2222-03-13,USVI_Thatch_Acropora_palmata_4,USA,18.35674,-64.85381,Acropora palmata,34.53,35.5,36.5,22220313_USA_USVI_Thatch_Acropora palmata_4_37.5_420,2222-03-13,Caribbean,37.5,420,0.0,No publications available,2026,No doi available
Global_Search_Caribbean,USVI_Thatch,2222-03-13,USVI_Thatch_Acropora_palmata_5,USA,18.35674,-64.85381,Acropora palmata,34.25,35.3,36.39,22220313_USA_USVI_Thatch_Acropora palmata_5_37.5_420,2222-03-13,Caribbean,37.5,420,0.0,No publications available,2026,No doi available
Global_Search_Caribbean,USVI_Thatch,2222-03-13,USVI_Thatch_Acropora_palmata_6,USA,18.35674,-64.85381,Acropora palmata,34.27,35.25,36.26,22220313_USA_USVI_Thatch_Acropora palmata_6_37.5_420,2222-03-13,Caribbean,37.5,420,0.0,No publications available,2026,No doi available
Global_Search_Caribbean,USVI_Thatch,2222-03-13,USVI_Thatch_Acropora_palmata_7,USA,18.35674,-64.85381,Acropora palmata,34.35,35.44,36.56,22220313_USA_USVI_Thatch_Acropora palmata_7_37.5_420,2222-03-13,Caribbean,37.5,420,0.0,No publications available,2026,No doi available
Global_Search_Caribbean,USVI_Thatch,2222-03-13,USVI_Thatch_Acropora_palmata_8,USA,18.35674,-64.85381,Acropora palmata,34.62,35.51,36.43,22220313_USA_USVI_Thatch_Acropora palmata_8_37.5_420,2222-03-13,Caribbean,37.5,420,0.0,No publications available,2026,No doi available
Global_Search_Caribbean,USVI_Thatch,2222-03-13,USVI_Thatch_Acropora_palmata_9,USA,18.35674,-64.85381,Acropora palmata,34.03,35.23,36.46,22220313_USA_USVI_Thatch_Acropora palmata_9_37.5_420,2222-03-13,Caribbean,37.5,420,0.0,No publications available,2026,No doi available
Global_Search_Caribbean,USVI_Thatch,2222-03-13,USVI_Thatch_Acropora_palmata_10,USA,18.35674,-64.85381,Acropora palmata,33.23,34.93,36.73,22220313_USA_USVI_Thatch_Acropora palmata_10_37.5_420,2222-03-13,Caribbean,37.5,420,0.0,No publications available,2026,No doi available
Global_Search_Caribbean,USVI_Thatch,2222-03-13,USVI_Thatch_Acropora_palmata_11,USA,18.35674,-64.85381,Acropora palmata,35.71,36.22,36.75,22220313_USA_USVI_Thatch_Acropora palmata_11_37.5_420,2222-03-13,Caribbean,37.5,420,0.0,No publications available,2026,No doi available
Global_Search_Caribbean,USVI_Thatch,2222-03-13,USVI_Thatch_Acropora_palmata_12,USA,18.35674,-64.85381,Acropora palmata,33.82,35.05,36.32,22220313_USA_USVI_Thatch_Acropora palmata_12_37.5_420,2222-03-13,Caribbean,37.5,420,0.0,No publications available,2026,No doi available
Global_Search_Caribbean,USVI_Thatch,2222-03-13,USVI_Thatch_Acropora_palmata_1,USA,18.35674,-64.85381,Acropora palmata,33.9,35.02,36.16,22220313_USA_USVI_Thatch_Acropora palmata_1_34.5_420,2222-03-13,Caribbean,34.5,420,0.456,No publications available,2026,No doi available
Global_Search_Caribbean,USVI_Thatch,2222-03-13,USVI_Thatch_Acropora_palmata_2,USA,18.35674,-64.85381,Acropora palmata,34.2,35.26,36.36,22220313_USA_USVI_Thatch_Acropora palmata_2_34.5_420,2222-03-13,Caribbean,34.5,420,0.512,No publications available,2026,No doi available
Global_Search_Caribbean,USVI_Thatch,2222-03-13,USVI_Thatch_Acropora_palmata_3,USA,18.35674,-64.85381,Acropora palmata,34.35,35.32,36.32,22220313_USA_USVI_Thatch_Acropora palmata_3_34.5_420,2222-03-13,Caribbean,34.5,420,0.521,No publications available,2026,No doi available
Global_Search_Caribbean,USVI_Thatch,2222-03-13,USVI_Thatch_Acropora_palmata_4,USA,18.35674,-64.85381,Acropora palmata,34.53,35.5,36.5,22220313_USA_USVI_Thatch_Acropora palmata_4_34.5_420,2222-03-13,Caribbean,34.5,420,0.508,No publications available,2026,No doi available
Global_Search_Caribbean,USVI_Thatch,2222-03-13,USVI_Thatch_Acropora_palmata_5,USA,18.35674,-64.85381,Acropora palmata,34.25,35.3,36.39,22220313_USA_USVI_Thatch_Acropora palmata_5_34.5_420,2222-03-13,Caribbean,34.5,420,0.475,No publications available,2026,No doi available
Global_Search_Caribbean,USVI_Thatch,2222-03-13,USVI_Thatch_Acropora_palmata_6,USA,18.35674,-64.85381,Acropora palmata,34.27,35.25,36.26,22220313_USA_USVI_Thatch_Acropora palmata_6_34.5_420,2222-03-13,Caribbean,34.5,420,0.517,No publications available,2026,No doi available
Global_Search_Caribbean,USVI_Thatch,2222-03-13,USVI_Thatch_Acropora_palmata_7,USA,18.35674,-64.85381,Acropora palmata,34.35,35.44,36.56,22220313_USA_USVI_Thatch_Acropora palmata_7_34.5_420,2222-03-13,Caribbean,34.5,420,0.531,No publications available,2026,No doi available
Global_Search_Caribbean,USVI_Thatch,2222-03-13,USVI_Thatch_Acropora_palmata_8,USA,18.35674,-64.85381,Acropora palmata,34.62,35.51,36.43,22220313_USA_USVI_Thatch_Acropora palmata_8_34.5_420,2222-03-13,Caribbean,34.5,420,0.534,No publications available,2026,No doi available
Global_Search_Caribbean,USVI_Thatch,2222-03-13,USVI_Thatch_Acropora_palmata_9,USA,18.35674,-64.85381,Acropora palmata,34.03,35.23,36.46,22220313_USA_USVI_Thatch_Acropora palmata_9_34.5_420,2222-03-13,Caribbean,34.5,420,0.474,No publications available,2026,No doi available
Global_Search_Caribbean,USVI_Thatch,2222-03-13,USVI_Thatch_Acropora_palmata_10,USA,18.35674,-64.85381,Acropora palmata,33.23,34.93,36.73,22220313_USA_USVI_Thatch_Acropora palmata_10_34.5_420,2222-03-13,Caribbean,34.5,420,0.376,No publications available,2026,No doi available
Global_Search_Caribbean,USVI_Thatch,2222-03-13,USVI_Thatch_Acropora_palmata_11,USA,18.35674,-64.85381,Acropora palmata,35.71,36.22,36.75,22220313_USA_USVI_Thatch_Acropora palmata_11_34.5_420,2222-03-13,Caribbean,34.5,420,0.59,No publications available,2026,No doi available
Global_Search_Caribbean,USVI_Thatch,2222-03-13,USVI_Thatch_Acropora_palmata_12,USA,18.35674,-64.85381,Acropora palmata,33.82,35.05,36.32,22220313_USA_USVI_Thatch_Acropora palmata_12_34.5_420,2222-03-13,Caribbean,34.5,420,0.483,No publications available,2026,No doi available
Global_Search_Caribbean,USVI_Thatch,2222-03-13,USVI_Thatch_Acropora_palmata_1,USA,18.35674,-64.85381,Acropora palmata,33.9,35.02,36.16,22220313_USA_USVI_Thatch_Acropora palmata_1_32.5_420,2222-03-13,Caribbean,32.5,420,0.579,No publications available,2026,No doi available
Global_Search_Caribbean,USVI_Thatch,2222-03-13,USVI_Thatch_Acropora_palmata_2,USA,18.35674,-64.85381,Acropora palmata,34.2,35.26,36.36,22220313_USA_USVI_Thatch_Acropora palmata_2_32.5_420,2222-03-13,Caribbean,32.5,420,0.577,No publications available,2026,No doi available
Global_Search_Caribbean,USVI_Thatch,2222-03-13,USVI_Thatch_Acropora_palmata_3,USA,18.35674,-64.85381,Acropora palmata,34.35,35.32,36.32,22220313_USA_USVI_Thatch_Acropora palmata_3_32.5_420,2222-03-13,Caribbean,32.5,420,0.592,No publications available,2026,No doi available
Global_Search_Caribbean,USVI_Thatch,2222-03-13,USVI_Thatch_Acropora_palmata_4,USA,18.35674,-64.85381,Acropora palmata,34.53,35.5,36.5,22220313_USA_USVI_Thatch_Acropora palmata_4_32.5_420,2222-03-13,Caribbean,32.5,420,0.53,No publications available,2026,No doi available
Global_Search_Caribbean,USVI_Thatch,2222-03-13,USVI_Thatch_Acropora_palmata_5,USA,18.35674,-64.85381,Acropora palmata,34.25,35.3,36.39,22220313_USA_USVI_Thatch_Acropora palmata_5_32.5_420,2222-03-13,Caribbean,32.5,420,0.53,No publications available,2026,No doi available
Global_Search_Caribbean,USVI_Thatch,2222-03-13,USVI_Thatch_Acropora_palmata_6,USA,18.35674,-64.85381,Acropora palmata,34.27,35.25,36.26,22220313_USA_USVI_Thatch_Acropora palmata_6_32.5_420,2222-03-13,Caribbean,32.5,420,0.597,No publications available,2026,No doi available
Global_Search_Caribbean,USVI_Thatch,2222-03-13,USVI_Thatch_Acropora_palmata_7,USA,18.35674,-64.85381,Acropora palmata,34.35,35.44,36.56,22220313_USA_USVI_Thatch_Acropora palmata_7_32.5_420,2222-03-13,Caribbean,32.5,420,0.578,No publications available,2026,No doi available
Global_Search_Caribbean,USVI_Thatch,2222-03-13,USVI_Thatch_Acropora_palmata_8,USA,18.35674,-64.85381,Acropora palmata,34.62,35.51,36.43,22220313_USA_USVI_Thatch_Acropora palmata_8_32.5_420,2222-03-13,Caribbean,32.5,420,0.562,No publications available,2026,No doi available
Global_Search_Caribbean,USVI_Thatch,2222-03-13,USVI_Thatch_Acropora_palmata_9,USA,18.35674,-64.85381,Acropora palmata,34.03,35.23,36.46,22220313_USA_USVI_Thatch_Acropora palmata_9_32.5_420,2222-03-13,Caribbean,32.5,420,0.546,No publications available,2026,No doi available
Global_Search_Caribbean,USVI_Thatch,2222-03-13,USVI_Thatch_Acropora_palmata_10,USA,18.35674,-64.85381,Acropora palmata,33.23,34.93,36.73,22220313_USA_USVI_Thatch_Acropora palmata_10_32.5_420,2222-03-13,Caribbean,32.5,420,0.534,No publications available,2026,No doi available
Global_Search_Caribbean,USVI_Thatch,2222-03-13,USVI_Thatch_Acropora_palmata_11,USA,18.35674,-64.85381,Acropora palmata,35.71,36.22,36.75,22220313_USA_USVI_Thatch_Acropora palmata_11_32.5_420,2222-03-13,Caribbean,32.5,420,0.57,No publications available,2026,No doi available
Global_Search_Caribbean,USVI_Thatch,2222-03-13,USVI_Thatch_Acropora_palmata_12,USA,18.35674,-64.85381,Acropora palmata,33.82,35.05,36.32,22220313_USA_USVI_Thatch_Acropora palmata_12_32.5_420,2222-03-13,Caribbean,32.5,420,0.615,No publications available,2026,No doi available
Global_Search_Caribbean,USVI_Thatch,2222-03-13,USVI_Thatch_Acropora_palmata_1,USA,18.35674,-64.85381,Acropora palmata,33.9,35.02,36.16,22220313_USA_USVI_Thatch_Acropora palmata_1_28.5_420,2222-03-13,Caribbean,28.5,420,0.568,No publications available,2026,No doi available
Global_Search_Caribbean,USVI_Thatch,2222-03-13,USVI_Thatch_Acropora_palmata_2,USA,18.35674,-64.85381,Acropora palmata,34.2,35.26,36.36,22220313_USA_USVI_Thatch_Acropora palmata_2_28.5_420,2222-03-13,Caribbean,28.5,420,0.571,No publications available,2026,No doi available
Global_Search_Caribbean,USVI_Thatch,2222-03-13,USVI_Thatch_Acropora_palmata_3,USA,18.35674,-64.85381,Acropora palmata,34.35,35.32,36.32,22220313_USA_USVI_Thatch_Acropora palmata_3_28.5_420,2222-03-13,Caribbean,28.5,420,0.536,No publications available,2026,No doi available
Global_Search_Caribbean,USVI_Thatch,2222-03-13,USVI_Thatch_Acropora_palmata_4,USA,18.35674,-64.85381,Acropora palmata,34.53,35.5,36.5,22220313_USA_USVI_Thatch_Acropora palmata_4_28.5_420,2222-03-13,Caribbean,28.5,420,0.534,No publications available,2026,No doi available
Global_Search_Caribbean,USVI_Thatch,2222-03-13,USVI_Thatch_Acropora_palmata_5,USA,18.35674,-64.85381,Acropora palmata,34.25,35.3,36.39,22220313_USA_USVI_Thatch_Acropora palmata_5_28.5_420,2222-03-13,Caribbean,28.5,420,0.522,No publications available,2026,No doi available
Global_Search_Caribbean,USVI_Thatch,2222-03-13,USVI_Thatch_Acropora_palmata_6,USA,18.35674,-64.85381,Acropora palmata,34.27,35.25,36.26,22220313_USA_USVI_Thatch_Acropora palmata_6_28.5_420,2222-03-13,Caribbean,28.5,420,0.547,No publications available,2026,No doi available
Global_Search_Caribbean,USVI_Thatch,2222-03-13,USVI_Thatch_Acropora_palmata_7,USA,18.35674,-64.85381,Acropora palmata,34.35,35.44,36.56,22220313_USA_USVI_Thatch_Acropora palmata_7_28.5_420,2222-03-13,Caribbean,28.5,420,0.567,No publications available,2026,No doi available
Global_Search_Caribbean,USVI_Thatch,2222-03-13,USVI_Thatch_Acropora_palmata_8,USA,18.35674,-64.85381,Acropora palmata,34.62,35.51,36.43,22220313_USA_USVI_Thatch_Acropora palmata_8_28.5_420,2222-03-13,Caribbean,28.5,420,0.544,No publications available,2026,No doi available
Global_Search_Caribbean,USVI_Thatch,2222-03-13,USVI_Thatch_Acropora_palmata_9,USA,18.35674,-64.85381,Acropora palmata,34.03,35.23,36.46,22220313_USA_USVI_Thatch_Acropora palmata_9_28.5_420,2222-03-13,Caribbean,28.5,420,0.562,No publications available,2026,No doi available
Global_Search_Caribbean,USVI_Thatch,2222-03-13,USVI_Thatch_Acropora_palmata_10,USA,18.35674,-64.85381,Acropora palmata,33.23,34.93,36.73,22220313_USA_USVI_Thatch_Acropora palmata_10_28.5_420,2222-03-13,Caribbean,28.5,420,0.566,No publications available,2026,No doi available
Global_Search_Caribbean,USVI_Thatch,2222-03-13,USVI_Thatch_Acropora_palmata_11,USA,18.35674,-64.85381,Acropora palmata,35.71,36.22,36.75,22220313_USA_USVI_Thatch_Acropora palmata_11_28.5_420,2222-03-13,Caribbean,28.5,420,0.584,No publications available,2026,No doi available
Global_Search_Caribbean,USVI_Thatch,2222-03-13,USVI_Thatch_Acropora_palmata_12,USA,18.35674,-64.85381,Acropora palmata,33.82,35.05,36.32,22220313_USA_USVI_Thatch_Acropora palmata_12_28.5_420,2222-03-13,Caribbean,28.5,420,0.613,No publications available,2026,No doi available
Global_Search_Caribbean,USVI_Thatch,2222-03-08,USVI_Thatch_Orbicella_faveolata_1,USA,18.35674,-64.85381,Orbicella faveolata,31.23,34.09,37.2,22220308_USA_USVI_Thatch_Orbicella faveolata_1_37.5_420,2222-03-08,Caribbean,37.5,420,0.017,No publications available,2026,No doi available
Global_Search_Caribbean,USVI_Thatch,2222-03-08,USVI_Thatch_Orbicella_faveolata_2,USA,18.35674,-64.85381,Orbicella faveolata,31.6,34.75,38.21,22220308_USA_USVI_Thatch_Orbicella faveolata_2_37.5_420,2222-03-08,Caribbean,37.5,420,0.034,No publications available,2026,No doi available
Global_Search_Caribbean,USVI_Thatch,2222-03-08,USVI_Thatch_Orbicella_faveolata_3,USA,18.35674,-64.85381,Orbicella faveolata,29.82,33.99,38.76,22220308_USA_USVI_Thatch_Orbicella faveolata_3_37.5_420,2222-03-08,Caribbean,37.5,420,0.011,No publications available,2026,No doi available
Global_Search_Caribbean,USVI_Thatch,2222-03-08,USVI_Thatch_Orbicella_faveolata_4,USA,18.35674,-64.85381,Orbicella faveolata,32.07,34.64,37.43,22220308_USA_USVI_Thatch_Orbicella faveolata_4_37.5_420,2222-03-08,Caribbean,37.5,420,0.022,No publications available,2026,No doi available
Global_Search_Caribbean,USVI_Thatch,2222-03-08,USVI_Thatch_Orbicella_faveolata_5,USA,18.35674,-64.85381,Orbicella faveolata,33.68,34.53,35.4,22220308_USA_USVI_Thatch_Orbicella faveolata_5_37.5_420,2222-03-08,Caribbean,37.5,420,0.001,No publications available,2026,No doi available
Global_Search_Caribbean,USVI_Thatch,2222-03-08,USVI_Thatch_Orbicella_faveolata_6,USA,18.35674,-64.85381,Orbicella faveolata,33.28,35.2,37.23,22220308_USA_USVI_Thatch_Orbicella faveolata_6_37.5_420,2222-03-08,Caribbean,37.5,420,0.017,No publications available,2026,No doi available
Global_Search_Caribbean,USVI_Thatch,2222-03-08,USVI_Thatch_Orbicella_faveolata_7,USA,18.35674,-64.85381,Orbicella faveolata,33.06,34.8,36.63,22220308_USA_USVI_Thatch_Orbicella faveolata_7_37.5_420,2222-03-08,Caribbean,37.5,420,0.007,No publications available,2026,No doi available
Global_Search_Caribbean,USVI_Thatch,2222-03-08,USVI_Thatch_Orbicella_faveolata_8,USA,18.35674,-64.85381,Orbicella faveolata,33.91,34.89,35.89,22220308_USA_USVI_Thatch_Orbicella faveolata_8_37.5_420,2222-03-08,Caribbean,37.5,420,0.007,No publications available,2026,No doi available
Global_Search_Caribbean,USVI_Thatch,2222-03-08,USVI_Thatch_Orbicella_faveolata_9,USA,18.35674,-64.85381,Orbicella faveolata,32.85,35.22,37.76,22220308_USA_USVI_Thatch_Orbicella faveolata_9_37.5_420,2222-03-08,Caribbean,37.5,420,0.044,No publications available,2026,No doi available
Global_Search_Caribbean,USVI_Thatch,2222-03-08,USVI_Thatch_Orbicella_faveolata_10,USA,18.35674,-64.85381,Orbicella faveolata,33.82,34.46,35.12,22220308_USA_USVI_Thatch_Orbicella faveolata_10_37.5_420,2222-03-08,Caribbean,37.5,420,0.038,No publications available,2026,No doi available
Global_Search_Caribbean,USVI_Thatch,2222-03-08,USVI_Thatch_Orbicella_faveolata_11,USA,18.35674,-64.85381,Orbicella faveolata,31.03,34.5,38.36,22220308_USA_USVI_Thatch_Orbicella faveolata_11_37.5_420,2222-03-08,Caribbean,37.5,420,0.026,No publications available,2026,No doi available
Global_Search_Caribbean,USVI_Thatch,2222-03-08,USVI_Thatch_Orbicella_faveolata_12,USA,18.35674,-64.85381,Orbicella faveolata,33.71,35.34,37.06,22220308_USA_USVI_Thatch_Orbicella faveolata_12_37.5_420,2222-03-08,Caribbean,37.5,420,0.004,No publications available,2026,No doi available
Global_Search_Caribbean,USVI_Thatch,2222-03-08,USVI_Thatch_Orbicella_faveolata_13,USA,18.35674,-64.85381,Orbicella faveolata,33.45,34.32,35.21,22220308_USA_USVI_Thatch_Orbicella faveolata_13_37.5_420,2222-03-08,Caribbean,37.5,420,0.039,No publications available,2026,No doi available
Global_Search_Caribbean,USVI_Thatch,2222-03-08,USVI_Thatch_Orbicella_faveolata_14,USA,18.35674,-64.85381,Orbicella faveolata,30.68,35.59,41.28,22220308_USA_USVI_Thatch_Orbicella faveolata_14_37.5_420,2222-03-08,Caribbean,37.5,420,0.153,No publications available,2026,No doi available
Global_Search_Caribbean,USVI_Thatch,2222-03-08,USVI_Thatch_Orbicella_faveolata_15,USA,18.35674,-64.85381,Orbicella faveolata,33.91,34.9,35.91,22220308_USA_USVI_Thatch_Orbicella faveolata_15_37.5_420,2222-03-08,Caribbean,37.5,420,0.0,No publications available,2026,No doi available
Global_Search_Caribbean,USVI_Thatch,2222-03-08,USVI_Thatch_Orbicella_faveolata_16,USA,18.35674,-64.85381,Orbicella faveolata,32.03,34.29,36.71,22220308_USA_USVI_Thatch_Orbicella faveolata_16_37.5_420,2222-03-08,Caribbean,37.5,420,0.0,No publications available,2026,No doi available
Global_Search_Caribbean,USVI_Thatch,2222-03-08,USVI_Thatch_Orbicella_faveolata_17,USA,18.35674,-64.85381,Orbicella faveolata,32.75,34.56,36.47,22220308_USA_USVI_Thatch_Orbicella faveolata_17_37.5_420,2222-03-08,Caribbean,37.5,420,0.0,No publications available,2026,No doi available
Global_Search_Caribbean,USVI_Thatch,2222-03-08,USVI_Thatch_Orbicella_faveolata_1,USA,18.35674,-64.85381,Orbicella faveolata,31.23,34.09,37.2,22220308_USA_USVI_Thatch_Orbicella faveolata_1_34.5_420,2222-03-08,Caribbean,34.5,420,0.23,No publications available,2026,No doi available
Global_Search_Caribbean,USVI_Thatch,2222-03-08,USVI_Thatch_Orbicella_faveolata_2,USA,18.35674,-64.85381,Orbicella faveolata,31.6,34.75,38.21,22220308_USA_USVI_Thatch_Orbicella faveolata_2_34.5_420,2222-03-08,Caribbean,34.5,420,0.324,No publications available,2026,No doi available
Global_Search_Caribbean,USVI_Thatch,2222-03-08,USVI_Thatch_Orbicella_faveolata_3,USA,18.35674,-64.85381,Orbicella faveolata,29.82,33.99,38.76,22220308_USA_USVI_Thatch_Orbicella faveolata_3_34.5_420,2222-03-08,Caribbean,34.5,420,0.27,No publications available,2026,No doi available
Global_Search_Caribbean,USVI_Thatch,2222-03-08,USVI_Thatch_Orbicella_faveolata_4,USA,18.35674,-64.85381,Orbicella faveolata,32.07,34.64,37.43,22220308_USA_USVI_Thatch_Orbicella faveolata_4_34.5_420,2222-03-08,Caribbean,34.5,420,0.323,No publications available,2026,No doi available
Global_Search_Caribbean,USVI_Thatch,2222-03-08,USVI_Thatch_Orbicella_faveolata_5,USA,18.35674,-64.85381,Orbicella faveolata,33.68,34.53,35.4,22220308_USA_USVI_Thatch_Orbicella faveolata_5_34.5_420,2222-03-08,Caribbean,34.5,420,0.271,No publications available,2026,No doi available
Global_Search_Caribbean,USVI_Thatch,2222-03-08,USVI_Thatch_Orbicella_faveolata_6,USA,18.35674,-64.85381,Orbicella faveolata,33.28,35.2,37.23,22220308_USA_USVI_Thatch_Orbicella faveolata_6_34.5_420,2222-03-08,Caribbean,34.5,420,0.391,No publications available,2026,No doi available
Global_Search_Caribbean,USVI_Thatch,2222-03-08,USVI_Thatch_Orbicella_faveolata_7,USA,18.35674,-64.85381,Orbicella faveolata,33.06,34.8,36.63,22220308_USA_USVI_Thatch_Orbicella faveolata_7_34.5_420,2222-03-08,Caribbean,34.5,420,0.366,No publications available,2026,No doi available
Global_Search_Caribbean,USVI_Thatch,2222-03-08,USVI_Thatch_Orbicella_faveolata_8,USA,18.35674,-64.85381,Orbicella faveolata,33.91,34.89,35.89,22220308_USA_USVI_Thatch_Orbicella faveolata_8_34.5_420,2222-03-08,Caribbean,34.5,420,0.409,No publications available,2026,No doi available
Global_Search_Caribbean,USVI_Thatch,2222-03-08,USVI_Thatch_Orbicella_faveolata_9,USA,18.35674,-64.85381,Orbicella faveolata,32.85,35.22,37.76,22220308_USA_USVI_Thatch_Orbicella faveolata_9_34.5_420,2222-03-08,Caribbean,34.5,420,0.411,No publications available,2026,No doi available
Global_Search_Caribbean,USVI_Thatch,2222-03-08,USVI_Thatch_Orbicella_faveolata_10,USA,18.35674,-64.85381,Orbicella faveolata,33.82,34.46,35.12,22220308_USA_USVI_Thatch_Orbicella faveolata_10_34.5_420,2222-03-08,Caribbean,34.5,420,0.249,No publications available,2026,No doi available
Global_Search_Caribbean,USVI_Thatch,2222-03-08,USVI_Thatch_Orbicella_faveolata_11,USA,18.35674,-64.85381,Orbicella faveolata,31.03,34.5,38.36,22220308_USA_USVI_Thatch_Orbicella faveolata_11_34.5_420,2222-03-08,Caribbean,34.5,420,0.296,No publications available,2026,No doi available
Global_Search_Caribbean,USVI_Thatch,2222-03-08,USVI_Thatch_Orbicella_faveolata_12,USA,18.35674,-64.85381,Orbicella faveolata,33.71,35.34,37.06,22220308_USA_USVI_Thatch_Orbicella faveolata_12_34.5_420,2222-03-08,Caribbean,34.5,420,0.442,No publications available,2026,No doi available
Global_Search_Caribbean,USVI_Thatch,2222-03-08,USVI_Thatch_Orbicella_faveolata_13,USA,18.35674,-64.85381,Orbicella faveolata,33.45,34.32,35.21,22220308_USA_USVI_Thatch_Orbicella faveolata_13_34.5_420,2222-03-08,Caribbean,34.5,420,0.173,No publications available,2026,No doi available
Global_Search_Caribbean,USVI_Thatch,2222-03-08,USVI_Thatch_Orbicella_faveolata_14,USA,18.35674,-64.85381,Orbicella faveolata,30.68,35.59,41.28,22220308_USA_USVI_Thatch_Orbicella faveolata_14_34.5_420,2222-03-08,Caribbean,34.5,420,0.307,No publications available,2026,No doi available
Global_Search_Caribbean,USVI_Thatch,2222-03-08,USVI_Thatch_Orbicella_faveolata_15,USA,18.35674,-64.85381,Orbicella faveolata,33.91,34.9,35.91,22220308_USA_USVI_Thatch_Orbicella faveolata_15_34.5_420,2222-03-08,Caribbean,34.5,420,0.398,No publications available,2026,No doi available
Global_Search_Caribbean,USVI_Thatch,2222-03-08,USVI_Thatch_Orbicella_faveolata_16,USA,18.35674,-64.85381,Orbicella faveolata,32.03,34.29,36.71,22220308_USA_USVI_Thatch_Orbicella faveolata_16_34.5_420,2222-03-08,Caribbean,34.5,420,0.229,No publications available,2026,No doi available
Global_Search_Caribbean,USVI_Thatch,2222-03-08,USVI_Thatch_Orbicella_faveolata_17,USA,18.35674,-64.85381,Orbicella faveolata,32.75,34.56,36.47,22220308_USA_USVI_Thatch_Orbicella faveolata_17_34.5_420,2222-03-08,Caribbean,34.5,420,0.3,No publications available,2026,No doi available
Global_Search_Caribbean,USVI_Thatch,2222-03-08,USVI_Thatch_Orbicella_faveolata_1,USA,18.35674,-64.85381,Orbicella faveolata,31.23,34.09,37.2,22220308_USA_USVI_Thatch_Orbicella faveolata_1_32.5_420,2222-03-08,Caribbean,32.5,420,0.473,No publications available,2026,No doi available
Global_Search_Caribbean,USVI_Thatch,2222-03-08,USVI_Thatch_Orbicella_faveolata_2,USA,18.35674,-64.85381,Orbicella faveolata,31.6,34.75,38.21,22220308_USA_USVI_Thatch_Orbicella faveolata_2_32.5_420,2222-03-08,Caribbean,32.5,420,0.484,No publications available,2026,No doi available
Global_Search_Caribbean,USVI_Thatch,2222-03-08,USVI_Thatch_Orbicella_faveolata_3,USA,18.35674,-64.85381,Orbicella faveolata,29.82,33.99,38.76,22220308_USA_USVI_Thatch_Orbicella faveolata_3_32.5_420,2222-03-08,Caribbean,32.5,420,0.372,No publications available,2026,No doi available
Global_Search_Caribbean,USVI_Thatch,2222-03-08,USVI_Thatch_Orbicella_faveolata_4,USA,18.35674,-64.85381,Orbicella faveolata,32.07,34.64,37.43,22220308_USA_USVI_Thatch_Orbicella faveolata_4_32.5_420,2222-03-08,Caribbean,32.5,420,0.541,No publications available,2026,No doi available
Global_Search_Caribbean,USVI_Thatch,2222-03-08,USVI_Thatch_Orbicella_faveolata_5,USA,18.35674,-64.85381,Orbicella faveolata,33.68,34.53,35.4,22220308_USA_USVI_Thatch_Orbicella faveolata_5_32.5_420,2222-03-08,Caribbean,32.5,420,0.517,No publications available,2026,No doi available
Global_Search_Caribbean,USVI_Thatch,2222-03-08,USVI_Thatch_Orbicella_faveolata_6,USA,18.35674,-64.85381,Orbicella faveolata,33.28,35.2,37.23,22220308_USA_USVI_Thatch_Orbicella faveolata_6_32.5_420,2222-03-08,Caribbean,32.5,420,0.515,No publications available,2026,No doi available
Global_Search_Caribbean,USVI_Thatch,2222-03-08,USVI_Thatch_Orbicella_faveolata_7,USA,18.35674,-64.85381,Orbicella faveolata,33.06,34.8,36.63,22220308_USA_USVI_Thatch_Orbicella faveolata_7_32.5_420,2222-03-08,Caribbean,32.5,420,0.575,No publications available,2026,No doi available
Global_Search_Caribbean,USVI_Thatch,2222-03-08,USVI_Thatch_Orbicella_faveolata_8,USA,18.35674,-64.85381,Orbicella faveolata,33.91,34.89,35.89,22220308_USA_USVI_Thatch_Orbicella faveolata_8_32.5_420,2222-03-08,Caribbean,32.5,420,0.57,No publications available,2026,No doi available
Global_Search_Caribbean,USVI_Thatch,2222-03-08,USVI_Thatch_Orbicella_faveolata_9,USA,18.35674,-64.85381,Orbicella faveolata,32.85,35.22,37.76,22220308_USA_USVI_Thatch_Orbicella faveolata_9_32.5_420,2222-03-08,Caribbean,32.5,420,0.583,No publications available,2026,No doi available
Global_Search_Caribbean,USVI_Thatch,2222-03-08,USVI_Thatch_Orbicella_faveolata_10,USA,18.35674,-64.85381,Orbicella faveolata,33.82,34.46,35.12,22220308_USA_USVI_Thatch_Orbicella faveolata_10_32.5_420,2222-03-08,Caribbean,32.5,420,0.563,No publications available,2026,No doi available
Global_Search_Caribbean,USVI_Thatch,2222-03-08,USVI_Thatch_Orbicella_faveolata_11,USA,18.35674,-64.85381,Orbicella faveolata,31.03,34.5,38.36,22220308_USA_USVI_Thatch_Orbicella faveolata_11_32.5_420,2222-03-08,Caribbean,32.5,420,0.443,No publications available,2026,No doi available
Global_Search_Caribbean,USVI_Thatch,2222-03-08,USVI_Thatch_Orbicella_faveolata_12,USA,18.35674,-64.85381,Orbicella faveolata,33.71,35.34,37.06,22220308_USA_USVI_Thatch_Orbicella faveolata_12_32.5_420,2222-03-08,Caribbean,32.5,420,0.477,No publications available,2026,No doi available
Global_Search_Caribbean,USVI_Thatch,2222-03-08,USVI_Thatch_Orbicella_faveolata_13,USA,18.35674,-64.85381,Orbicella faveolata,33.45,34.32,35.21,22220308_USA_USVI_Thatch_Orbicella faveolata_13_32.5_420,2222-03-08,Caribbean,32.5,420,0.493,No publications available,2026,No doi available
Global_Search_Caribbean,USVI_Thatch,2222-03-08,USVI_Thatch_Orbicella_faveolata_14,USA,18.35674,-64.85381,Orbicella faveolata,30.68,35.59,41.28,22220308_USA_USVI_Thatch_Orbicella faveolata_14_32.5_420,2222-03-08,Caribbean,32.5,420,0.491,No publications available,2026,No doi available
Global_Search_Caribbean,USVI_Thatch,2222-03-08,USVI_Thatch_Orbicella_faveolata_15,USA,18.35674,-64.85381,Orbicella faveolata,33.91,34.9,35.91,22220308_USA_USVI_Thatch_Orbicella faveolata_15_32.5_420,2222-03-08,Caribbean,32.5,420,0.533,No publications available,2026,No doi available
Global_Search_Caribbean,USVI_Thatch,2222-03-08,USVI_Thatch_Orbicella_faveolata_16,USA,18.35674,-64.85381,Orbicella faveolata,32.03,34.29,36.71,22220308_USA_USVI_Thatch_Orbicella faveolata_16_32.5_420,2222-03-08,Caribbean,32.5,420,0.471,No publications available,2026,No doi available
Global_Search_Caribbean,USVI_Thatch,2222-03-08,USVI_Thatch_Orbicella_faveolata_17,USA,18.35674,-64.85381,Orbicella faveolata,32.75,34.56,36.47,22220308_USA_USVI_Thatch_Orbicella faveolata_17_32.5_420,2222-03-08,Caribbean,32.5,420,0.55,No publications available,2026,No doi available
Global_Search_Caribbean,USVI_Thatch,2222-03-08,USVI_Thatch_Orbicella_faveolata_1,USA,18.35674,-64.85381,Orbicella faveolata,31.23,34.09,37.2,22220308_USA_USVI_Thatch_Orbicella faveolata_1_28.5_420,2222-03-08,Caribbean,28.5,420,0.57,No publications available,2026,No doi available
Global_Search_Caribbean,USVI_Thatch,2222-03-08,USVI_Thatch_Orbicella_faveolata_2,USA,18.35674,-64.85381,Orbicella faveolata,31.6,34.75,38.21,22220308_USA_USVI_Thatch_Orbicella faveolata_2_28.5_420,2222-03-08,Caribbean,28.5,420,0.572,No publications available,2026,No doi available
Global_Search_Caribbean,USVI_Thatch,2222-03-08,USVI_Thatch_Orbicella_faveolata_3,USA,18.35674,-64.85381,Orbicella faveolata,29.82,33.99,38.76,22220308_USA_USVI_Thatch_Orbicella faveolata_3_28.5_420,2222-03-08,Caribbean,28.5,420,0.55,No publications available,2026,No doi available
Global_Search_Caribbean,USVI_Thatch,2222-03-08,USVI_Thatch_Orbicella_faveolata_4,USA,18.35674,-64.85381,Orbicella faveolata,32.07,34.64,37.43,22220308_USA_USVI_Thatch_Orbicella faveolata_4_28.5_420,2222-03-08,Caribbean,28.5,420,0.597,No publications available,2026,No doi available
Global_Search_Caribbean,USVI_Thatch,2222-03-08,USVI_Thatch_Orbicella_faveolata_5,USA,18.35674,-64.85381,Orbicella faveolata,33.68,34.53,35.4,22220308_USA_USVI_Thatch_Orbicella faveolata_5_28.5_420,2222-03-08,Caribbean,28.5,420,0.516,No publications available,2026,No doi available
Global_Search_Caribbean,USVI_Thatch,2222-03-08,USVI_Thatch_Orbicella_faveolata_6,USA,18.35674,-64.85381,Orbicella faveolata,33.28,35.2,37.23,22220308_USA_USVI_Thatch_Orbicella faveolata_6_28.5_420,2222-03-08,Caribbean,28.5,420,0.531,No publications available,2026,No doi available
Global_Search_Caribbean,USVI_Thatch,2222-03-08,USVI_Thatch_Orbicella_faveolata_7,USA,18.35674,-64.85381,Orbicella faveolata,33.06,34.8,36.63,22220308_USA_USVI_Thatch_Orbicella faveolata_7_28.5_420,2222-03-08,Caribbean,28.5,420,0.588,No publications available,2026,No doi available
Global_Search_Caribbean,USVI_Thatch,2222-03-08,USVI_Thatch_Orbicella_faveolata_8,USA,18.35674,-64.85381,Orbicella faveolata,33.91,34.89,35.89,22220308_USA_USVI_Thatch_Orbicella faveolata_8_28.5_420,2222-03-08,Caribbean,28.5,420,0.508,No publications available,2026,No doi available
Global_Search_Caribbean,USVI_Thatch,2222-03-08,USVI_Thatch_Orbicella_faveolata_9,USA,18.35674,-64.85381,Orbicella faveolata,32.85,35.22,37.76,22220308_USA_USVI_Thatch_Orbicella faveolata_9_28.5_420,2222-03-08,Caribbean,28.5,420,0.576,No publications available,2026,No doi available
Global_Search_Caribbean,USVI_Thatch,2222-03-08,USVI_Thatch_Orbicella_faveolata_10,USA,18.35674,-64.85381,Orbicella faveolata,33.82,34.46,35.12,22220308_USA_USVI_Thatch_Orbicella faveolata_10_28.5_420,2222-03-08,Caribbean,28.5,420,0.523,No publications available,2026,No doi available
Global_Search_Caribbean,USVI_Thatch,2222-03-08,USVI_Thatch_Orbicella_faveolata_11,USA,18.35674,-64.85381,Orbicella faveolata,31.03,34.5,38.36,22220308_USA_USVI_Thatch_Orbicella faveolata_11_28.5_420,2222-03-08,Caribbean,28.5,420,0.561,No publications available,2026,No doi available
Global_Search_Caribbean,USVI_Thatch,2222-03-08,USVI_Thatch_Orbicella_faveolata_12,USA,18.35674,-64.85381,Orbicella faveolata,33.71,35.34,37.06,22220308_USA_USVI_Thatch_Orbicella faveolata_12_28.5_420,2222-03-08,Caribbean,28.5,420,0.59,No publications available,2026,No doi available
Global_Search_Caribbean,USVI_Thatch,2222-03-08,USVI_Thatch_Orbicella_faveolata_13,USA,18.35674,-64.85381,Orbicella faveolata,33.45,34.32,35.21,22220308_USA_USVI_Thatch_Orbicella faveolata_13_28.5_420,2222-03-08,Caribbean,28.5,420,0.486,No publications available,2026,No doi available
Global_Search_Caribbean,USVI_Thatch,2222-03-08,USVI_Thatch_Orbicella_faveolata_14,USA,18.35674,-64.85381,Orbicella faveolata,30.68,35.59,41.28,22220308_USA_USVI_Thatch_Orbicella faveolata_14_28.5_420,2222-03-08,Caribbean,28.5,420,0.502,No publications available,2026,No doi available
Global_Search_Caribbean,USVI_Thatch,2222-03-08,USVI_Thatch_Orbicella_faveolata_15,USA,18.35674,-64.85381,Orbicella faveolata,33.91,34.9,35.91,22220308_USA_USVI_Thatch_Orbicella faveolata_15_28.5_420,2222-03-08,Caribbean,28.5,420,0.508,No publications available,2026,No doi available
Global_Search_Caribbean,USVI_Thatch,2222-03-08,USVI_Thatch_Orbicella_faveolata_16,USA,18.35674,-64.85381,Orbicella faveolata,32.03,34.29,36.71,22220308_USA_USVI_Thatch_Orbicella faveolata_16_28.5_420,2222-03-08,Caribbean,28.5,420,0.524,No publications available,2026,No doi available
Global_Search_Caribbean,USVI_Thatch,2222-03-08,USVI_Thatch_Orbicella_faveolata_17,USA,18.35674,-64.85381,Orbicella faveolata,32.75,34.56,36.47,22220308_USA_USVI_Thatch_Orbicella faveolata_17_28.5_420,2222-03-08,Caribbean,28.5,420,0.575,No publications available,2026,No doi available
Global_Search_Caribbean,USVI_Thatch,2222-03-07,USVI_Thatch_Porites_astreoides_1,USA,18.35674,-64.85381,Porites astreoides,32.0,34.82,37.87,22220307_USA_USVI_Thatch_Porites astreoides_1_37.5_420,2222-03-07,Caribbean,37.5,420,0.0,No publications available,2026,No doi available
Global_Search_Caribbean,USVI_Thatch,2222-03-07,USVI_Thatch_Porites_astreoides_2,USA,18.35674,-64.85381,Porites astreoides,34.28,35.93,37.66,22220307_USA_USVI_Thatch_Porites astreoides_2_37.5_420,2222-03-07,Caribbean,37.5,420,0.024,No publications available,2026,No doi available
Global_Search_Caribbean,USVI_Thatch,2222-03-07,USVI_Thatch_Porites_astreoides_3,USA,18.35674,-64.85381,Porites astreoides,32.01,34.26,36.66,22220307_USA_USVI_Thatch_Porites astreoides_3_37.5_420,2222-03-07,Caribbean,37.5,420,0.0,No publications available,2026,No doi available
Global_Search_Caribbean,USVI_Thatch,2222-03-07,USVI_Thatch_Porites_astreoides_4,USA,18.35674,-64.85381,Porites astreoides,27.97,33.69,40.58,22220307_USA_USVI_Thatch_Porites astreoides_4_37.5_420,2222-03-07,Caribbean,37.5,420,0.104,No publications available,2026,No doi available
Global_Search_Caribbean,USVI_Thatch,2222-03-07,USVI_Thatch_Porites_astreoides_5,USA,18.35674,-64.85381,Porites astreoides,33.69,34.39,35.09,22220307_USA_USVI_Thatch_Porites astreoides_5_37.5_420,2222-03-07,Caribbean,37.5,420,0.0,No publications available,2026,No doi available
Global_Search_Caribbean,USVI_Thatch,2222-03-07,USVI_Thatch_Porites_astreoides_6,USA,18.35674,-64.85381,Porites astreoides,32.49,35.16,38.05,22220307_USA_USVI_Thatch_Porites astreoides_6_37.5_420,2222-03-07,Caribbean,37.5,420,0.025,No publications available,2026,No doi available
Global_Search_Caribbean,USVI_Thatch,2222-03-07,USVI_Thatch_Porites_astreoides_7,USA,18.35674,-64.85381,Porites astreoides,29.28,33.04,37.29,22220307_USA_USVI_Thatch_Porites astreoides_7_37.5_420,2222-03-07,Caribbean,37.5,420,0.0,No publications available,2026,No doi available
Global_Search_Caribbean,USVI_Thatch,2222-03-07,USVI_Thatch_Porites_astreoides_8,USA,18.35674,-64.85381,Porites astreoides,33.39,35.03,36.75,22220307_USA_USVI_Thatch_Porites astreoides_8_37.5_420,2222-03-07,Caribbean,37.5,420,0.0,No publications available,2026,No doi available
Global_Search_Caribbean,USVI_Thatch,2222-03-07,USVI_Thatch_Porites_astreoides_9,USA,18.35674,-64.85381,Porites astreoides,33.86,35.49,37.2,22220307_USA_USVI_Thatch_Porites astreoides_9_37.5_420,2222-03-07,Caribbean,37.5,420,0.006,No publications available,2026,No doi available
Global_Search_Caribbean,USVI_Thatch,2222-03-07,USVI_Thatch_Porites_astreoides_10,USA,18.35674,-64.85381,Porites astreoides,28.21,33.45,39.66,22220307_USA_USVI_Thatch_Porites astreoides_10_37.5_420,2222-03-07,Caribbean,37.5,420,0.0,No publications available,2026,No doi available
Global_Search_Caribbean,USVI_Thatch,2222-03-07,USVI_Thatch_Porites_astreoides_11,USA,18.35674,-64.85381,Porites astreoides,31.34,33.8,36.44,22220307_USA_USVI_Thatch_Porites astreoides_11_37.5_420,2222-03-07,Caribbean,37.5,420,0.0,No publications available,2026,No doi available
Global_Search_Caribbean,USVI_Thatch,2222-03-07,USVI_Thatch_Porites_astreoides_12,USA,18.35674,-64.85381,Porites astreoides,27.04,32.11,38.14,22220307_USA_USVI_Thatch_Porites astreoides_12_37.5_420,2222-03-07,Caribbean,37.5,420,0.007,No publications available,2026,No doi available
Global_Search_Caribbean,USVI_Thatch,2222-03-07,USVI_Thatch_Porites_astreoides_1,USA,18.35674,-64.85381,Porites astreoides,32.0,34.82,37.87,22220307_USA_USVI_Thatch_Porites astreoides_1_34.5_420,2222-03-07,Caribbean,34.5,420,0.274,No publications available,2026,No doi available
Global_Search_Caribbean,USVI_Thatch,2222-03-07,USVI_Thatch_Porites_astreoides_2,USA,18.35674,-64.85381,Porites astreoides,34.28,35.93,37.66,22220307_USA_USVI_Thatch_Porites astreoides_2_34.5_420,2222-03-07,Caribbean,34.5,420,0.345,No publications available,2026,No doi available
Global_Search_Caribbean,USVI_Thatch,2222-03-07,USVI_Thatch_Porites_astreoides_3,USA,18.35674,-64.85381,Porites astreoides,32.01,34.26,36.66,22220307_USA_USVI_Thatch_Porites astreoides_3_34.5_420,2222-03-07,Caribbean,34.5,420,0.203,No publications available,2026,No doi available
Global_Search_Caribbean,USVI_Thatch,2222-03-07,USVI_Thatch_Porites_astreoides_4,USA,18.35674,-64.85381,Porites astreoides,27.97,33.69,40.58,22220307_USA_USVI_Thatch_Porites astreoides_4_34.5_420,2222-03-07,Caribbean,34.5,420,0.166,No publications available,2026,No doi available
Global_Search_Caribbean,USVI_Thatch,2222-03-07,USVI_Thatch_Porites_astreoides_5,USA,18.35674,-64.85381,Porites astreoides,33.69,34.39,35.09,22220307_USA_USVI_Thatch_Porites astreoides_5_34.5_420,2222-03-07,Caribbean,34.5,420,0.136,No publications available,2026,No doi available
Global_Search_Caribbean,USVI_Thatch,2222-03-07,USVI_Thatch_Porites_astreoides_6,USA,18.35674,-64.85381,Porites astreoides,32.49,35.16,38.05,22220307_USA_USVI_Thatch_Porites astreoides_6_34.5_420,2222-03-07,Caribbean,34.5,420,0.373,No publications available,2026,No doi available
Global_Search_Caribbean,USVI_Thatch,2222-03-07,USVI_Thatch_Porites_astreoides_7,USA,18.35674,-64.85381,Porites astreoides,29.28,33.04,37.29,22220307_USA_USVI_Thatch_Porites astreoides_7_34.5_420,2222-03-07,Caribbean,34.5,420,0.167,No publications available,2026,No doi available
Global_Search_Caribbean,USVI_Thatch,2222-03-07,USVI_Thatch_Porites_astreoides_8,USA,18.35674,-64.85381,Porites astreoides,33.39,35.03,36.75,22220307_USA_USVI_Thatch_Porites astreoides_8_34.5_420,2222-03-07,Caribbean,34.5,420,0.354,No publications available,2026,No doi available
Global_Search_Caribbean,USVI_Thatch,2222-03-07,USVI_Thatch_Porites_astreoides_9,USA,18.35674,-64.85381,Porites astreoides,33.86,35.49,37.2,22220307_USA_USVI_Thatch_Porites astreoides_9_34.5_420,2222-03-07,Caribbean,34.5,420,0.401,No publications available,2026,No doi available
Global_Search_Caribbean,USVI_Thatch,2222-03-07,USVI_Thatch_Porites_astreoides_10,USA,18.35674,-64.85381,Porites astreoides,28.21,33.45,39.66,22220307_USA_USVI_Thatch_Porites astreoides_10_34.5_420,2222-03-07,Caribbean,34.5,420,0.301,No publications available,2026,No doi available
Global_Search_Caribbean,USVI_Thatch,2222-03-07,USVI_Thatch_Porites_astreoides_11,USA,18.35674,-64.85381,Porites astreoides,31.34,33.8,36.44,22220307_USA_USVI_Thatch_Porites astreoides_11_34.5_420,2222-03-07,Caribbean,34.5,420,0.136,No publications available,2026,No doi available
Global_Search_Caribbean,USVI_Thatch,2222-03-07,USVI_Thatch_Porites_astreoides_12,USA,18.35674,-64.85381,Porites astreoides,27.04,32.11,38.14,22220307_USA_USVI_Thatch_Porites astreoides_12_34.5_420,2222-03-07,Caribbean,34.5,420,0.177,No publications available,2026,No doi available
Global_Search_Caribbean,USVI_Thatch,2222-03-07,USVI_Thatch_Porites_astreoides_1,USA,18.35674,-64.85381,Porites astreoides,32.0,34.82,37.87,22220307_USA_USVI_Thatch_Porites astreoides_1_32.5_420,2222-03-07,Caribbean,32.5,420,0.366,No publications available,2026,No doi available
Global_Search_Caribbean,USVI_Thatch,2222-03-07,USVI_Thatch_Porites_astreoides_2,USA,18.35674,-64.85381,Porites astreoides,34.28,35.93,37.66,22220307_USA_USVI_Thatch_Porites astreoides_2_32.5_420,2222-03-07,Caribbean,32.5,420,0.368,No publications available,2026,No doi available
Global_Search_Caribbean,USVI_Thatch,2222-03-07,USVI_Thatch_Porites_astreoides_3,USA,18.35674,-64.85381,Porites astreoides,32.01,34.26,36.66,22220307_USA_USVI_Thatch_Porites astreoides_3_32.5_420,2222-03-07,Caribbean,32.5,420,0.428,No publications available,2026,No doi available
Global_Search_Caribbean,USVI_Thatch,2222-03-07,USVI_Thatch_Porites_astreoides_4,USA,18.35674,-64.85381,Porites astreoides,27.97,33.69,40.58,22220307_USA_USVI_Thatch_Porites astreoides_4_32.5_420,2222-03-07,Caribbean,32.5,420,0.345,No publications available,2026,No doi available
Global_Search_Caribbean,USVI_Thatch,2222-03-07,USVI_Thatch_Porites_astreoides_5,USA,18.35674,-64.85381,Porites astreoides,33.69,34.39,35.09,22220307_USA_USVI_Thatch_Porites astreoides_5_32.5_420,2222-03-07,Caribbean,32.5,420,0.367,No publications available,2026,No doi available
Global_Search_Caribbean,USVI_Thatch,2222-03-07,USVI_Thatch_Porites_astreoides_6,USA,18.35674,-64.85381,Porites astreoides,32.49,35.16,38.05,22220307_USA_USVI_Thatch_Porites astreoides_6_32.5_420,2222-03-07,Caribbean,32.5,420,0.462,No publications available,2026,No doi available
Global_Search_Caribbean,USVI_Thatch,2222-03-07,USVI_Thatch_Porites_astreoides_7,USA,18.35674,-64.85381,Porites astreoides,29.28,33.04,37.29,22220307_USA_USVI_Thatch_Porites astreoides_7_32.5_420,2222-03-07,Caribbean,32.5,420,0.347,No publications available,2026,No doi available
Global_Search_Caribbean,USVI_Thatch,2222-03-07,USVI_Thatch_Porites_astreoides_8,USA,18.35674,-64.85381,Porites astreoides,33.39,35.03,36.75,22220307_USA_USVI_Thatch_Porites astreoides_8_32.5_420,2222-03-07,Caribbean,32.5,420,0.472,No publications available,2026,No doi available
Global_Search_Caribbean,USVI_Thatch,2222-03-07,USVI_Thatch_Porites_astreoides_9,USA,18.35674,-64.85381,Porites astreoides,33.86,35.49,37.2,22220307_USA_USVI_Thatch_Porites astreoides_9_32.5_420,2222-03-07,Caribbean,32.5,420,0.374,No publications available,2026,No doi available
Global_Search_Caribbean,USVI_Thatch,2222-03-07,USVI_Thatch_Porites_astreoides_10,USA,18.35674,-64.85381,Porites astreoides,28.21,33.45,39.66,22220307_USA_USVI_Thatch_Porites astreoides_10_32.5_420,2222-03-07,Caribbean,32.5,420,0.31,No publications available,2026,No doi available
Global_Search_Caribbean,USVI_Thatch,2222-03-07,USVI_Thatch_Porites_astreoides_11,USA,18.35674,-64.85381,Porites astreoides,31.34,33.8,36.44,22220307_USA_USVI_Thatch_Porites astreoides_11_32.5_420,2222-03-07,Caribbean,32.5,420,0.357,No publications available,2026,No doi available
Global_Search_Caribbean,USVI_Thatch,2222-03-07,USVI_Thatch_Porites_astreoides_12,USA,18.35674,-64.85381,Porites astreoides,27.04,32.11,38.14,22220307_USA_USVI_Thatch_Porites astreoides_12_32.5_420,2222-03-07,Caribbean,32.5,420,0.273,No publications available,2026,No doi available
Global_Search_Caribbean,USVI_Thatch,2222-03-07,USVI_Thatch_Porites_astreoides_1,USA,18.35674,-64.85381,Porites astreoides,32.0,34.82,37.87,22220307_USA_USVI_Thatch_Porites astreoides_1_28.5_420,2222-03-07,Caribbean,28.5,420,0.464,No publications available,2026,No doi available
Global_Search_Caribbean,USVI_Thatch,2222-03-07,USVI_Thatch_Porites_astreoides_2,USA,18.35674,-64.85381,Porites astreoides,34.28,35.93,37.66,22220307_USA_USVI_Thatch_Porites astreoides_2_28.5_420,2222-03-07,Caribbean,28.5,420,0.375,No publications available,2026,No doi available
Global_Search_Caribbean,USVI_Thatch,2222-03-07,USVI_Thatch_Porites_astreoides_3,USA,18.35674,-64.85381,Porites astreoides,32.01,34.26,36.66,22220307_USA_USVI_Thatch_Porites astreoides_3_28.5_420,2222-03-07,Caribbean,28.5,420,0.477,No publications available,2026,No doi available
Global_Search_Caribbean,USVI_Thatch,2222-03-07,USVI_Thatch_Porites_astreoides_4,USA,18.35674,-64.85381,Porites astreoides,27.97,33.69,40.58,22220307_USA_USVI_Thatch_Porites astreoides_4_28.5_420,2222-03-07,Caribbean,28.5,420,0.461,No publications available,2026,No doi available
Global_Search_Caribbean,USVI_Thatch,2222-03-07,USVI_Thatch_Porites_astreoides_5,USA,18.35674,-64.85381,Porites astreoides,33.69,34.39,35.09,22220307_USA_USVI_Thatch_Porites astreoides_5_28.5_420,2222-03-07,Caribbean,28.5,420,0.344,No publications available,2026,No doi available
Global_Search_Caribbean,USVI_Thatch,2222-03-07,USVI_Thatch_Porites_astreoides_6,USA,18.35674,-64.85381,Porites astreoides,32.49,35.16,38.05,22220307_USA_USVI_Thatch_Porites astreoides_6_28.5_420,2222-03-07,Caribbean,28.5,420,0.565,No publications available,2026,No doi available
Global_Search_Caribbean,USVI_Thatch,2222-03-07,USVI_Thatch_Porites_astreoides_7,USA,18.35674,-64.85381,Porites astreoides,29.28,33.04,37.29,22220307_USA_USVI_Thatch_Porites astreoides_7_28.5_420,2222-03-07,Caribbean,28.5,420,0.576,No publications available,2026,No doi available
Global_Search_Caribbean,USVI_Thatch,2222-03-07,USVI_Thatch_Porites_astreoides_8,USA,18.35674,-64.85381,Porites astreoides,33.39,35.03,36.75,22220307_USA_USVI_Thatch_Porites astreoides_8_28.5_420,2222-03-07,Caribbean,28.5,420,0.506,No publications available,2026,No doi available
Global_Search_Caribbean,USVI_Thatch,2222-03-07,USVI_Thatch_Porites_astreoides_9,USA,18.35674,-64.85381,Porites astreoides,33.86,35.49,37.2,22220307_USA_USVI_Thatch_Porites astreoides_9_28.5_420,2222-03-07,Caribbean,28.5,420,0.546,No publications available,2026,No doi available
Global_Search_Caribbean,USVI_Thatch,2222-03-07,USVI_Thatch_Porites_astreoides_10,USA,18.35674,-64.85381,Porites astreoides,28.21,33.45,39.66,22220307_USA_USVI_Thatch_Porites astreoides_10_28.5_420,2222-03-07,Caribbean,28.5,420,0.563,No publications available,2026,No doi available
Global_Search_Caribbean,USVI_Thatch,2222-03-07,USVI_Thatch_Porites_astreoides_11,USA,18.35674,-64.85381,Porites astreoides,31.34,33.8,36.44,22220307_USA_USVI_Thatch_Porites astreoides_11_28.5_420,2222-03-07,Caribbean,28.5,420,0.436,No publications available,2026,No doi available
Global_Search_Caribbean,USVI_Thatch,2222-03-07,USVI_Thatch_Porites_astreoides_12,USA,18.35674,-64.85381,Porites astreoides,27.04,32.11,38.14,22220307_USA_USVI_Thatch_Porites astreoides_12_28.5_420,2222-03-07,Caribbean,28.5,420,0.569,No publications available,2026,No doi available
